Final_elev.asc
NCOLS 95 
NROWS 80 
xllcorner 429609.0 
yllcorner 4568204.0 
cellsize 1.0 
NODATA_value - 9999
[rows 17 to 33 of 80, columns 0 to 36 of 95]
1.708251999999999953e+03 1.708335000000000036e+03 1.708315760559537694e+03 1.708264126991265130e+03 1.708158835458210433e+03 1.707984361614505133e+03 1.707717896826669403e+03 1.707356307496364934e+03 1.706923059484993928e+03 1.706433482625689521e+03 1.705895071567555760e+03 1.705323628358698443e+03 1.704717351624762159e+03 1.704070719412248081e+03 1.703393538695425605e+03 1.702709826705028263e+03 1.702060591103941761e+03 1.701484012697872686e+03 1.700949818495441605e+03 1.700358817262159619e+03 1.699676849640523642e+03 1.698941726276992540e+03 1.698192704361084907e+03 1.697436250998716787e+03 1.696661517916693128e+03 1.695867652742595965e+03 1.695061040567717555e+03 1.694246113489144591e+03 1.693426189121294556e+03 1.692609611172077848e+03 1.691813822312832144e+03 1.691067575000862689e+03 1.690398700832177838e+03 1.689811063765475410e+03 1.689275976770181842e+03 1.688737039825647798e+03 1.688108866132039566e+03
1.707866999999999962e+03 1.707958000000000084e+03 1.707915492373738289e+03 1.707860794598547272e+03 1.707762991620227467e+03 1.707600625499127773e+03 1.707359426520462875e+03 1.707040748393622835e+03 1.706656467735766455e+03 1.706204975541328167e+03 1.705689011191371037e+03 1.705132387804875179e+03 1.704536105734721332e+03 1.703895029584391750e+03 1.703223773207459089e+03 1.702550806201290015e+03 1.701917453327617295e+03 1.701355680241747905e+03 1.700827224507346045e+03 1.700235065013514259e+03 1.699551816835563841e+03 1.698814311344074667e+03 1.698060453707680608e+03 1.697302817928599325e+03 1.696535402990982675e+03 1.695755594061299462e+03 1.694965923286952830e+03 1.694167198829341487e+03 1.693358088469728727e+03 1.692543059115593451e+03 1.691741863374739978e+03 1.690985652476460245e+03 1.690299212021126550e+03 1.689693277491738627e+03 1.689159044024331024e+03 1.688654171108623814e+03 1.688085000866141399e+03
1.707450000000000045e+03 1.707558999999999969e+03 1.707493970274484354e+03 1.707440471831108425e+03 1.707358162743760431e+03 1.707217726310065245e+03 1.707008427534561179e+03 1.706733422547858709e+03 1.706394480970496261e+03 1.705979913291021603e+03 1.705492485378381389e+03 1.704961497461820272e+03 1.704388573878133457e+03 1.703765765282887969e+03 1.703105610882227666e+03 1.702437012680284624e+03 1.701803654235903196e+03 1.701238042912175388e+03 1.700702081120196908e+03 1.700106165497417351e+03 1.699427047231144115e+03 1.698696859744914036e+03 1.697948671291361279e+03 1.697196838414483636e+03 1.696438885927903812e+03 1.695671448243638679e+03 1.694894298368471482e+03 1.694106008834348359e+03 1.693303178477671509e+03 1.692488792415504349e+03 1.691684609696675579e+03 1.690922052059844646e+03 1.690217385706429923e+03 1.689578421795761415e+03 1.689004653998984850e+03 1.688462291752031433e+03 1.687864758224802017e+03
1.706967000000000098e+03 1.707097999999999956e+03 1.707042347740093192e+03 1.707002107404076696e+03 1.706937535877785649e+03 1.706820081876999438e+03 1.706642099856714594e+03 1.706405417687182307e+03 1.706105072128041229e+03 1.705730142594800327e+03 1.705287550949729848e+03 1.704801111389372636e+03 1.704265646111908381e+03 1.703669931191474689e+03 1.703023404447599205e+03 1.702354193609814047e+03 1.701708811747243544e+03 1.701125566192668657e+03 1.700574451312750398e+03 1.699974420458568602e+03 1.699300712928396251e+03 1.698579129564756386e+03 1.697838453292821214e+03 1.697093497483769625e+03 1.696345056291470655e+03 1.695590138035877089e+03 1.694826322814040395e+03 1.694049996822965795e+03 1.693256075199888755e+03 1.692446253964211792e+03 1.691643125404285456e+03 1.690878388233245914e+03 1.690159744089993183e+03 1.689484518750050711e+03 1.688848320319569211e+03 1.688223744081811674e+03 1.687548329750432231e+03
1.706675999999999931e+03 1.706542999999999893e+03 1.706565322048335474e+03 1.706558771510196721e+03 1.706517472827346182e+03 1.706425635033682056e+03 1.706279090072017652e+03 1.706075768095364992e+03 1.705806364989603708e+03 1.705466583949160849e+03 1.705070579282756626e+03 1.704632698825262196e+03 1.704138042962987811e+03 1.703572531110075943e+03 1.702942619528519117e+03 1.702272987190626054e+03 1.701611617946966362e+03 1.701006880506260131e+03 1.700442111625264488e+03 1.699841279961023474e+03 1.699173084349151395e+03 1.698457924037898692e+03 1.697722938711200413e+03 1.696983595419832227e+03 1.696243521278023763e+03 1.695500792538786754e+03 1.694752211637516211e+03 1.693993032700293270e+03 1.693216193834004571e+03 1.692419693253670403e+03 1.691623286254282903e+03 1.690858887917294396e+03 1.690130183028406464e+03 1.689422719908485305e+03 1.688722095838247697e+03 1.688008950985975162e+03 1.687254752438956984e+03
1.705898999999999887e+03 1.706058999999999969e+03 1.706104213993781968e+03 1.706126605412465551e+03 1.706112269427236697e+03 1.706049314240096692e+03 1.705934123831412307e+03 1.705759900599703542e+03 1.705515258393564181e+03 1.705201042128544032e+03 1.704837092973116796e+03 1.704433609570207636e+03 1.703972139535245333e+03 1.703436148319139875e+03 1.702826839963288876e+03 1.702162955471009354e+03 1.701493714425408825e+03 1.700877438029204541e+03 1.700307371820011213e+03 1.699708737612755385e+03 1.699045688627276377e+03 1.698336451775384376e+03 1.697607524755475652e+03 1.696874301861093954e+03 1.696142425497573640e+03 1.695411306770076408e+03 1.694678755858258228e+03 1.693941160756003228e+03 1.693190052045316861e+03 1.692416750261851803e+03 1.691632835176695153e+03 1.690868260968172081e+03 1.690128214229416699e+03 1.689392051021853149e+03 1.688638375960597159e+03 1.687857793215427364e+03 1.687049574584690390e+03
1.705421000000000049e+03 1.705574000000000069e+03 1.705643657609132333e+03 1.705694673976199056e+03 1.705706887469194044e+03 1.705671835384150427e+03 1.705585237894102420e+03 1.705436091615083342e+03 1.705214985027595503e+03 1.704925598295271357e+03 1.704586940810082069e+03 1.704207727327654538e+03 1.703772645733770105e+03 1.703264769738320183e+03 1.702678667888189239e+03 1.702026443557429729e+03 1.701359073065502344e+03 1.700743405677764940e+03 1.700177857808916542e+03 1.699585321803530860e+03 1.698928152299116391e+03 1.698225133993468262e+03 1.697502852037704315e+03 1.696776505237276069e+03 1.696053052667091379e+03 1.695332699701812089e+03 1.694615011513968739e+03 1.693899023475363720e+03 1.693175741297350442e+03 1.692429390209921621e+03 1.691660267863896934e+03 1.690891874655545962e+03 1.690133714328490441e+03 1.689368709590158232e+03 1.688577334756124401e+03 1.687758972614848517e+03 1.686925491075110813e+03
1.704943999999999960e+03 1.705039999999999964e+03 1.705176109162307966e+03 1.705259062528658433e+03 1.705294395790401268e+03 1.705283045392350004e+03 1.705220448802694591e+03 1.705093473283330241e+03 1.704897719857757693e+03 1.704638429327550966e+03 1.704329006889628317e+03 1.703974859829953402e+03 1.703564250127979221e+03 1.703082606187948159e+03 1.702520441304720407e+03 1.701884468220446479e+03 1.701225979825224158e+03 1.700617650438953660e+03 1.700062250234902876e+03 1.699478901631008739e+03 1.698828163230625933e+03 1.698129773177704919e+03 1.697412072982524251e+03 1.696691376323848999e+03 1.695974785535471710e+03 1.695261494303795644e+03 1.694552819730326974e+03 1.693851351025306030e+03 1.693148805897063539e+03 1.692426031819609307e+03 1.691674242584160311e+03 1.690905208301856192e+03 1.690128365893048567e+03 1.689336763272724284e+03 1.688522086364143888e+03 1.687689012600509386e+03 1.686848856192176072e+03
1.704551999999999907e+03 1.704604000000000042e+03 1.704735980951097190e+03 1.704833229429960738e+03 1.704886581859621401e+03 1.704895128843929342e+03 1.704852438536875525e+03 1.704745830116981324e+03 1.704574486288788648e+03 1.704343937121033832e+03 1.704064493097954482e+03 1.703738876846357243e+03 1.703355144465520880e+03 1.702899014795823177e+03 1.702357881334592548e+03 1.701736541856992972e+03 1.701088847745194016e+03 1.700490859413544968e+03 1.699947083707956153e+03 1.699373094726058071e+03 1.698728487070462961e+03 1.698034665210409230e+03 1.697322870618384513e+03 1.696609982706660276e+03 1.695900221786955626e+03 1.695189659826244679e+03 1.694481962621796811e+03 1.693784743828515047e+03 1.693091826699589092e+03 1.692384932005644259e+03 1.691651276268171387e+03 1.690890292442691589e+03 1.690105120143785371e+03 1.689298102756473781e+03 1.688475802132962599e+03 1.687643612189692249e+03 1.686802019994810507e+03
1.704078999999999951e+03 1.704182999999999993e+03 1.704299671742527607e+03 1.704408925411689097e+03 1.704482034632864725e+03 1.704510598365433907e+03 1.704486496314193573e+03 1.704399730633388117e+03 1.704250278818351262e+03 1.704044962133364152e+03 1.703796416228728503e+03 1.703505598162650585e+03 1.703154436098960559e+03 1.702722428547593154e+03 1.702194021208099912e+03 1.701578781222572161e+03 1.700938553925250289e+03 1.700351799578671944e+03 1.699821135633544145e+03 1.699258231414840793e+03 1.698620247587385393e+03 1.697931228524319295e+03 1.697227105819942835e+03 1.696524194025693077e+03 1.695821434172985164e+03 1.695111827841325976e+03 1.694401222837594560e+03 1.693701737431373658e+03 1.693009447691406422e+03 1.692308685258537707e+03 1.691586057232294479e+03 1.690833272460029093e+03 1.690049082309065170e+03 1.689245186889891556e+03 1.688440013252523386e+03 1.687629703965694262e+03 1.686790040458387011e+03
1.703465999999999894e+03 1.703685999999999922e+03 1.703834791260690963e+03 1.703965247801771056e+03 1.704060930083272751e+03 1.704111909980953442e+03 1.704110306079342308e+03 1.704048728393785950e+03 1.703925368047095617e+03 1.703748665259834524e+03 1.703535263115400994e+03 1.703285204009019935e+03 1.702971103987277729e+03 1.702560080192506575e+03 1.702035087645848535e+03 1.701418185564045871e+03 1.700781099313855520e+03 1.700202203753021195e+03 1.699682609245026697e+03 1.699133084019878424e+03 1.698504842524278729e+03 1.697821532586679041e+03 1.697123786123345326e+03 1.696428428749071372e+03 1.695730951595473925e+03 1.695023383498473777e+03 1.694311786093263436e+03 1.693609623930735552e+03 1.692913974051086143e+03 1.692211531831432694e+03 1.691489353401717608e+03 1.690737572405164656e+03 1.689958493205272134e+03 1.689175491368972644e+03 1.688413125979981032e+03 1.687648233900667037e+03 1.686819603722056172e+03
1.702963999999999942e+03 1.703201000000000022e+03 1.703355177622211613e+03 1.703497810908447491e+03 1.703610803009503798e+03 1.703684621288596645e+03 1.703711796715695300e+03 1.703683965185400439e+03 1.703594170610021592e+03 1.703450886621514428e+03 1.703274178881837997e+03 1.703066039571024248e+03 1.702791535671521160e+03 1.702401870219802731e+03 1.701877974817511131e+03 1.701258086146808637e+03 1.700622285637298546e+03 1.700046401848052710e+03 1.699533424274311528e+03 1.698998576110431259e+03 1.698385703269310170e+03 1.697711224082649096e+03 1.697017225869663662e+03 1.696324640198910856e+03 1.695630542404613834e+03 1.694926480568334227e+03 1.694216760568746395e+03 1.693514016799522551e+03 1.692814761993401135e+03 1.692106353776051037e+03 1.691376459725977838e+03 1.690619204628490706e+03 1.689846361068194710e+03 1.689091592611141095e+03 1.688380448800718568e+03 1.687670474928574777e+03 1.686865189905089665e+03
1.702509999999999991e+03 1.702676999999999907e+03 1.702865505205897989e+03 1.703017883433083625e+03 1.703141883491973431e+03 1.703235321825568462e+03 1.703290698954940581e+03 1.703296514622325503e+03 1.703240592653638032e+03 1.703129906273271217e+03 1.702985637718886892e+03 1.702813974301883718e+03 1.702579392944034680e+03 1.702220065248490073e+03 1.701709172825391306e+03 1.701094698845062567e+03 1.700463025491395911e+03 1.699888426189840857e+03 1.699377785519553981e+03 1.698854839372677361e+03 1.698258642672524502e+03 1.697593818860296551e+03 1.696900187807641032e+03 1.696206071074818738e+03 1.695515028100504878e+03 1.694817553057730947e+03 1.694114357391654949e+03 1.693415797462081400e+03 1.692716467474708452e+03 1.692001815888952706e+03 1.691260350897093304e+03 1.690495171793449572e+03 1.689727203205483875e+03 1.688992569040379522e+03 1.688314340720066866e+03 1.687643175749431975e+03 1.686866407018959080e+03
1.702000999999999976e+03 1.702269000000000005e+03 1.702394807976632819e+03 1.702537085188824676e+03 1.702667987234303837e+03 1.702777633536392386e+03 1.702853038049909173e+03 1.702882622993588029e+03 1.702855296551520723e+03 1.702774607315788899e+03 1.702658065264027300e+03 1.702516600094496880e+03 1.702321447309572704e+03 1.702003594050887614e+03 1.701522115155673873e+03 1.700925108522474602e+03 1.700304114693749398e+03 1.699733573850658559e+03 1.699221466746266515e+03 1.698701101945852088e+03 1.698112700616674147e+03 1.697452119341701746e+03 1.696755863907545745e+03 1.696059207077617202e+03 1.695373520626178788e+03 1.694688900635620257e+03 1.694000622754276719e+03 1.693314595429533256e+03 1.692622398304359876e+03 1.691904572634706938e+03 1.691150331180190733e+03 1.690377171307374738e+03 1.689612665968538067e+03 1.688886358409407876e+03 1.688215645695785042e+03 1.687556940696818174e+03 1.686803859266874497e+03
1.701646999999999935e+03 1.701765000000000100e+03 1.701889659531168945e+03 1.702042346670195911e+03 1.702190401629140069e+03 1.702317536903592099e+03 1.702404709084199112e+03 1.702447974997030997e+03 1.702445564089940262e+03 1.702395699684144802e+03 1.702306911488802143e+03 1.702193665474591853e+03 1.702035329314143155e+03 1.701758700094193046e+03 1.701309820228108492e+03 1.700735633058050780e+03 1.700133163064156861e+03 1.699575362044445001e+03 1.699063492771545953e+03 1.698539423455057204e+03 1.697952276342369487e+03 1.697294873193874537e+03 1.696598453009130935e+03 1.695901764124152123e+03 1.695222784485706143e+03 1.694552839817975837e+03 1.693882788163388796e+03 1.693214010462395436e+03 1.692534034991398130e+03 1.691815161120000539e+03 1.691046289814046986e+03 1.690264105717736584e+03 1.689504653921009321e+03 1.688788728766224949e+03 1.688126996318216243e+03 1.687484060112688894e+03 1.686760094916120806e+03
1.701057000000000016e+03 1.701125000000000000e+03 1.701350408117815959e+03 1.701536690281274332e+03 1.701705326026402872e+03 1.701845636114159788e+03 1.701938142666529984e+03 1.701991334852950104e+03 1.702013948224600654e+03 1.701996284587692571e+03 1.701935035098048047e+03 1.701847966186014673e+03 1.701722002964980220e+03 1.701479850755411235e+03 1.701058226961411492e+03 1.700507069688846968e+03 1.699931105194616066e+03 1.699399658127094654e+03 1.698898928495240398e+03 1.698375233209806311e+03 1.697791798984700563e+03 1.697142455628045809e+03 1.696450303386172436e+03 1.695754030022502775e+03 1.695077780992757198e+03 1.694417720056909729e+03 1.693763133349506006e+03 1.693109841049443730e+03 1.692439433759046551e+03 1.691717077780938780e+03 1.690933930488794886e+03 1.690146103132422695e+03 1.689402640307639558e+03 1.688720084604579597e+03 1.688101667390680859e+03 1.687506307792726602e+03 1.686813672908573153e+03
1.700413999999999987e+03 1.700663999999999987e+03 1.700857960250860287e+03 1.701043482275720407e+03 1.701214416301768779e+03 1.701354871375890980e+03 1.701449537507937066e+03 1.701515381104232802e+03 1.701563458892747803e+03 1.701575024197565199e+03 1.701537382239335102e+03 1.701470483144934178e+03 1.701368344143598733e+03 1.701154017280261542e+03 1.700759404459918869e+03 1.700235899254825654e+03 1.699694692059667886e+03 1.699200947971350161e+03 1.698724822549188048e+03 1.698213741166602631e+03 1.697642846087830321e+03 1.697005608880258478e+03 1.696316765698465588e+03 1.695616401897322703e+03 1.694937227294352397e+03 1.694282241401467218e+03 1.693637961484472726e+03 1.692992113669988612e+03 1.692320997324074142e+03 1.691591176418748773e+03 1.690803441461124748e+03 1.690026981925946984e+03 1.689323238443209448e+03 1.688707519828368049e+03 1.688170260293324191e+03 1.687641346599679082e+03 1.686953633617270498e+03
