Final_elev.asc
NCOLS 95 
NROWS 80 
xllcorner 429609.0 
yllcorner 4568204.0 
cellsize 1.0 
NODATA_value - 9999
[rows 34 to 50 of 80, columns 37 to 73 of 95]
1.686038159370317544e+03 1.684845334313794638e+03 1.683805190693060922e+03 1.682947737136581509e+03 1.682178979692332632e+03 1.681440506181711271e+03 1.680721502744248482e+03 1.680028632993268502e+03 1.679351589373078696e+03 1.678649002899476955e+03 1.677900974063692502e+03 1.677113405974224861e+03 1.676300200377025249e+03 1.675487820694370384e+03 1.674722862820037790e+03 1.674023332360040058e+03 1.673360049251746887e+03 1.672694166608858268e+03 1.672007845999399478e+03 1.671287401499293537e+03 1.670533373809834302e+03 1.669776594106037919e+03 1.669042142605088884e+03 1.668333991800865988e+03 1.667620420988279193e+03 1.666854429418157451e+03 1.666024804108335047e+03 1.665192161665878757e+03 1.664423234692481401e+03 1.663703120725771669e+03 1.662942201418405148e+03 1.662083253821859671e+03 1.661218190634092934e+03 1.660458330930139482e+03 1.659787731411465757e+03 1.659118794151593420e+03 1.658424826514868528e+03
1.686039666289089155e+03 1.684806311855321383e+03 1.683747664713600670e+03 1.682881883419747055e+03 1.682107251249481578e+03 1.681364991826852474e+03 1.680643520119963796e+03 1.679952932290052559e+03 1.679293605253410988e+03 1.678623900246004496e+03 1.677895228691666489e+03 1.677096676574398543e+03 1.676270152474839733e+03 1.675467589241193309e+03 1.674719740938032373e+03 1.674019251237655226e+03 1.673330079668557119e+03 1.672629802446868325e+03 1.671934589149233034e+03 1.671257026139124036e+03 1.670575759641205650e+03 1.669863119107139028e+03 1.669123024402054170e+03 1.668387870818724423e+03 1.667652845483761666e+03 1.666874731653350409e+03 1.666038351691716571e+03 1.665203976098523754e+03 1.664434554610684927e+03 1.663712252125661053e+03 1.662942234663005820e+03 1.662071443555032147e+03 1.661206504808279078e+03 1.660453663702524409e+03 1.659784349320567344e+03 1.659113324366683855e+03 1.658422059892217703e+03
1.685989338979568856e+03 1.684783163338119266e+03 1.683720527823030352e+03 1.682833126134105214e+03 1.682037815618248260e+03 1.681286563030174193e+03 1.680564427186101057e+03 1.679878108545979558e+03 1.679234712305288213e+03 1.678595381051569575e+03 1.677892225594082902e+03 1.677097580457338609e+03 1.676267795057379772e+03 1.675466560365872965e+03 1.674709568275104630e+03 1.673980161941740562e+03 1.673252524186994833e+03 1.672519984458831004e+03 1.671818580241203563e+03 1.671181113560160611e+03 1.670575768069987589e+03 1.669921335812389316e+03 1.669180673315809827e+03 1.668404230612833999e+03 1.667632651192804815e+03 1.666847841264235740e+03 1.666030820544179278e+03 1.665223452850489139e+03 1.664470365149713643e+03 1.663749499023968610e+03 1.662964689480729248e+03 1.662070879753756344e+03 1.661197052474472002e+03 1.660447164277451520e+03 1.659779578590599158e+03 1.659110458646912775e+03 1.658423835991111218e+03
1.685889698526558732e+03 1.684774826868687342e+03 1.683727589603618753e+03 1.682807616921914814e+03 1.681975894593356543e+03 1.681210852743846090e+03 1.680492913025037524e+03 1.679815357811459990e+03 1.679183683837627086e+03 1.678563107065084751e+03 1.677877635461948785e+03 1.677092268813529699e+03 1.676270684524016360e+03 1.675470563471122887e+03 1.674692029617031267e+03 1.673928277937102393e+03 1.673176004387822786e+03 1.672428083393124325e+03 1.671712322515424376e+03 1.671078799737742656e+03 1.670515860548912997e+03 1.669916896268151731e+03 1.669195009905752158e+03 1.668389154861956968e+03 1.667576897553167328e+03 1.666783661135729744e+03 1.665999647581492582e+03 1.665239315718182979e+03 1.664514173229350035e+03 1.663793204373400158e+03 1.662988307243356985e+03 1.662072143243832215e+03 1.661192498699964517e+03 1.660447743103253515e+03 1.659786197661891492e+03 1.659125518401529462e+03 1.658445541795851796e+03
1.685764572539921119e+03 1.684759236105101763e+03 1.683748073975594480e+03 1.682803694827666277e+03 1.681936268551224885e+03 1.681162821179605089e+03 1.680461342892093853e+03 1.679804334949353915e+03 1.679185249049125105e+03 1.678571747639506157e+03 1.677891646856312946e+03 1.677109911381813617e+03 1.676287225026786473e+03 1.675470829039843238e+03 1.674659821446281285e+03 1.673866642591532127e+03 1.673108147321548358e+03 1.672362771131437967e+03 1.671630045672199913e+03 1.670965460858719780e+03 1.670389153753417759e+03 1.669806861351906491e+03 1.669111394033660872e+03 1.668314607940001224e+03 1.667497097700470931e+03 1.666710826644483632e+03 1.665957134307305068e+03 1.665231761807684052e+03 1.664518577044708991e+03 1.663779843375766859e+03 1.662950560119090369e+03 1.662031987484762567e+03 1.661170045819702409e+03 1.660443860779052557e+03 1.659792714141025044e+03 1.659141085384482267e+03 1.658467235980874193e+03
1.685647380791111573e+03 1.684722264443436870e+03 1.683759696509896912e+03 1.682818057417315458e+03 1.681936820656632108e+03 1.681168930893251627e+03 1.680491171249178024e+03 1.679854394043341017e+03 1.679237066357345611e+03 1.678611753413007136e+03 1.677920078528155727e+03 1.677126628591370491e+03 1.676281124355541806e+03 1.675429952165745817e+03 1.674582833619878329e+03 1.673763819279005020e+03 1.673002061607158339e+03 1.672268029645752449e+03 1.671533830846615047e+03 1.670838737796546184e+03 1.670214702715677049e+03 1.669601078009356115e+03 1.668916023032464864e+03 1.668156320026488629e+03 1.667375757797633469e+03 1.666616985079777805e+03 1.665882199374957963e+03 1.665162376705537781e+03 1.664433393240765781e+03 1.663660337981995099e+03 1.662812622510630717e+03 1.661921445040696653e+03 1.661105645442185732e+03 1.660409874948656125e+03 1.659764858082855426e+03 1.659109825968097539e+03 1.658430576033148782e+03
1.685554105410965803e+03 1.684676967768066334e+03 1.683765877234520531e+03 1.682852396412909457e+03 1.681980348363868870e+03 1.681222897378229845e+03 1.680559358485748817e+03 1.679926596651062937e+03 1.679292402167379578e+03 1.678635256925625299e+03 1.677912678799775222e+03 1.677091564893885334e+03 1.676215088029023264e+03 1.675337024053011646e+03 1.674470982095010868e+03 1.673636249935247179e+03 1.672868413523221307e+03 1.672145754120171659e+03 1.671426828116259458e+03 1.670720524555968041e+03 1.670048783795443569e+03 1.669384205052368543e+03 1.668689824927029804e+03 1.667963755811140572e+03 1.667228339327243020e+03 1.666498851097634542e+03 1.665770394442750330e+03 1.665036564613014889e+03 1.664281163914625949e+03 1.663479958694224479e+03 1.662632764323699121e+03 1.661787501657240682e+03 1.661024642222782404e+03 1.660352015411420098e+03 1.659697254832125509e+03 1.659018729374549821e+03 1.658314318741234047e+03
1.685487496943087081e+03 1.684644341866329796e+03 1.683780594361838212e+03 1.682904573117798009e+03 1.682050176607366893e+03 1.681291835340036869e+03 1.680620089814495941e+03 1.679972596693342894e+03 1.679311928815722695e+03 1.678616971298089311e+03 1.677855730756401499e+03 1.677003842978100238e+03 1.676103412864074471e+03 1.675214867280037197e+03 1.674351277883058401e+03 1.673519859924066168e+03 1.672752479199178879e+03 1.672038578570533673e+03 1.671336182506684054e+03 1.670629412602075945e+03 1.669928532931317932e+03 1.669230029046620530e+03 1.668526642846193226e+03 1.667816811974656275e+03 1.667104035819097135e+03 1.666385804345526367e+03 1.665653323961816568e+03 1.664903811528083679e+03 1.664130625882963159e+03 1.663317741342995078e+03 1.662482508283494553e+03 1.661679011526806789e+03 1.660958612856613854e+03 1.660300719049978397e+03 1.659632090169993035e+03 1.658927254945455843e+03 1.658195129320025444e+03
1.685432241923832862e+03 1.684614067333341836e+03 1.683781763310431188e+03 1.682932674201015516e+03 1.682089541063248362e+03 1.681315443109431271e+03 1.680616327180649023e+03 1.679944195522907194e+03 1.679262104038190500e+03 1.678542762608868088e+03 1.677755763594859445e+03 1.676884894770878191e+03 1.675971024261504226e+03 1.675079481070935344e+03 1.674229816088153711e+03 1.673421729354858599e+03 1.672670898850900585e+03 1.671968144448688918e+03 1.671275116474170318e+03 1.670567102198618159e+03 1.669856501248731320e+03 1.669155091897371221e+03 1.668456550118481573e+03 1.667746881673580447e+03 1.667026845977856510e+03 1.666297319922143515e+03 1.665554394724740860e+03 1.664795720379830527e+03 1.664015132951234591e+03 1.663197408390826695e+03 1.662369802075205371e+03 1.661592870434891438e+03 1.660904115198721001e+03 1.660263426256277171e+03 1.659592896183261701e+03 1.658874414339289842e+03 1.658126226347614647e+03
1.685341716405480611e+03 1.684533937815978106e+03 1.683710692887711048e+03 1.682869820236146325e+03 1.682027878609626669e+03 1.681232615550309902e+03 1.680498959163473728e+03 1.679799010481292498e+03 1.679102843155163100e+03 1.678377315472695045e+03 1.677590031794684364e+03 1.676728403091257860e+03 1.675828053157440763e+03 1.674952751155178476e+03 1.674128257003936596e+03 1.673351352720130762e+03 1.672620552605117609e+03 1.671923477198653245e+03 1.671228295586636705e+03 1.670517804527777571e+03 1.669816353558004721e+03 1.669136862039250900e+03 1.668449875882861079e+03 1.667725492234883177e+03 1.666976897942840196e+03 1.666223166940732426e+03 1.665469368271945996e+03 1.664707116376072918e+03 1.663919902963489903e+03 1.663092219379037033e+03 1.662264912804514097e+03 1.661506209451273435e+03 1.660844094697547916e+03 1.660224520371870540e+03 1.659562257366673066e+03 1.658838223712866920e+03 1.658085406160035745e+03
1.685149673666525814e+03 1.684344679525872834e+03 1.683522381924813317e+03 1.682686795457544122e+03 1.681849971683886679e+03 1.681042400811674725e+03 1.680279161865602418e+03 1.679551214126021478e+03 1.678840509731520342e+03 1.678115777979890026e+03 1.677347222740386769e+03 1.676524096310582536e+03 1.675672030671259563e+03 1.674841311727721859e+03 1.674055727736117433e+03 1.673311105532261308e+03 1.672595476938102820e+03 1.671895142447313447e+03 1.671187073644817247e+03 1.670471967174650672e+03 1.669785938453685731e+03 1.669127478195889580e+03 1.668438329884389077e+03 1.667686989337428940e+03 1.666906790887462193e+03 1.666132061273764748e+03 1.665370594011341154e+03 1.664603900533660862e+03 1.663805631899952914e+03 1.662968068283520779e+03 1.662146065555481300e+03 1.661407093178979267e+03 1.660767540531370287e+03 1.660165017803587034e+03 1.659508810104023951e+03 1.658775881052541990e+03 1.658020905425604724e+03
1.684832035775432132e+03 1.684033746810144976e+03 1.683217224744258147e+03 1.682395968162809822e+03 1.681579884441101967e+03 1.680783782802943961e+03 1.680014897579158287e+03 1.679274578569514688e+03 1.678554697642219708e+03 1.677831525867108212e+03 1.677085190312593340e+03 1.676310364202335677e+03 1.675521613302334572e+03 1.674747640705589674e+03 1.674003284558878022e+03 1.673285209200701502e+03 1.672579085607623028e+03 1.671872054203162406e+03 1.671147938380089499e+03 1.670424364135460564e+03 1.669742040937863521e+03 1.669082117799596062e+03 1.668373818722956685e+03 1.667598427604692688e+03 1.666801635874780231e+03 1.666018113715111213e+03 1.665250720319445008e+03 1.664475525131377708e+03 1.663666824074324268e+03 1.662828467211119005e+03 1.662018654741410955e+03 1.661296676249253096e+03 1.660671070894756895e+03 1.660076583231294990e+03 1.659422894952361048e+03 1.658685266338978636e+03 1.657927368767553617e+03
1.684461144870176668e+03 1.683669377596397226e+03 1.682863051985501215e+03 1.682065455938411105e+03 1.681283335730035560e+03 1.680517954000123609e+03 1.679767162240951393e+03 1.679035724784211652e+03 1.678320767265267023e+03 1.677605546402387517e+03 1.676880220502765951e+03 1.676145298010580518e+03 1.675405532632777977e+03 1.674670016021941592e+03 1.673946207651823215e+03 1.673236927733190441e+03 1.672532381981117169e+03 1.671819476457505971e+03 1.671085381454738126e+03 1.670354809968801419e+03 1.669663971965763267e+03 1.668988329254398195e+03 1.668266165681751772e+03 1.667486320069048134e+03 1.666688568263956768e+03 1.665900718855466494e+03 1.665122448243971348e+03 1.664332566934745500e+03 1.663514421831505842e+03 1.662680987011879097e+03 1.661884465885513691e+03 1.661176077537357514e+03 1.660561605474169937e+03 1.659973511898659808e+03 1.659324322063843965e+03 1.658590351006524543e+03 1.657826742592557821e+03
1.684147774099230446e+03 1.683349300826862418e+03 1.682549232613096137e+03 1.681778434498189654e+03 1.681033144174337849e+03 1.680300500959230703e+03 1.679573402508214713e+03 1.678858429360524042e+03 1.678156354805645606e+03 1.677455649607399209e+03 1.676751313137434863e+03 1.676044750722794106e+03 1.675329001698016782e+03 1.674599846714168962e+03 1.673866791325754775e+03 1.673146149048674260e+03 1.672435307888575835e+03 1.671717734640207027e+03 1.670981357059966285e+03 1.670246258590084153e+03 1.669539530153595933e+03 1.668845804571082226e+03 1.668123205427652465e+03 1.667357915147426411e+03 1.666571334070196372e+03 1.665782625313468316e+03 1.664992725537022807e+03 1.664189406694764102e+03 1.663366254873432354e+03 1.662539284209939979e+03 1.661752652108759776e+03 1.661055254843916146e+03 1.660454223279757116e+03 1.659880196903164688e+03 1.659244558825448166e+03 1.658516763897378723e+03 1.657736633054580352e+03
1.683935911097498092e+03 1.683123780746615694e+03 1.682326785882209151e+03 1.681581428740467572e+03 1.680868157635233047e+03 1.680159325092913150e+03 1.679446419028745368e+03 1.678739388063591832e+03 1.678045852569743602e+03 1.677359787007274008e+03 1.676676183358190656e+03 1.675990874846398128e+03 1.675281240234491179e+03 1.674537716562181686e+03 1.673781240298459579e+03 1.673042345126591044e+03 1.672324037384219992e+03 1.671604254410867497e+03 1.670867643008343748e+03 1.670124902516680322e+03 1.669397113567877568e+03 1.668683786672406313e+03 1.667962477502597267e+03 1.667214950965694925e+03 1.666443647612010409e+03 1.665658507990099906e+03 1.664863849230275719e+03 1.664058041372944899e+03 1.663239238668286362e+03 1.662418720625532387e+03 1.661634986177738938e+03 1.660940495189629473e+03 1.660346874144664980e+03 1.659786429298758776e+03 1.659168700852622806e+03 1.658447263906446096e+03 1.657644069180867973e+03
1.683780961540628368e+03 1.682964036906725369e+03 1.682175657889554031e+03 1.681454070570262274e+03 1.680768800992850629e+03 1.680079228718517697e+03 1.679371939009762400e+03 1.678659365092114967e+03 1.677961465405159061e+03 1.677282560440220777e+03 1.676617722439106728e+03 1.675950422980898793e+03 1.675238696833921949e+03 1.674476525900618753e+03 1.673701929742765515e+03 1.672952749456962465e+03 1.672232189531803670e+03 1.671513481046817105e+03 1.670776154238992831e+03 1.670022546645392595e+03 1.669271973598879867e+03 1.668535383467278962e+03 1.667804488015515290e+03 1.667062654384356392e+03 1.666301464241726535e+03 1.665522962037109210e+03 1.664733536804170399e+03 1.663938111185574371e+03 1.663133208734320533e+03 1.662321505123641600e+03 1.661536692924395538e+03 1.660833401414874061e+03 1.660228454002744456e+03 1.659660265621032977e+03 1.659043871569270323e+03 1.658325050377303569e+03 1.657510944976450901e+03
1.683622752866951942e+03 1.682817078458223477e+03 1.682044271932069933e+03 1.681340397502407313e+03 1.680677197715127022e+03 1.680008460247345738e+03 1.679310072932176581e+03 1.678590008255334169e+03 1.677880476242094119e+03 1.677201202561321452e+03 1.676550512786056061e+03 1.675895021536992772e+03 1.675175825537718538e+03 1.674396673618809700e+03 1.673613060084027438e+03 1.672862399964856195e+03 1.672142598547072339e+03 1.671426097428015510e+03 1.670690980821017320e+03 1.669934432969246927e+03 1.669173358866481294e+03 1.668418963994285377e+03 1.667666995188061719e+03 1.666911360270928981e+03 1.666147421849893817e+03 1.665374265917032972e+03 1.664596419777779374e+03 1.663818168729050285e+03 1.663032137314762622e+03 1.662232666453325237e+03 1.661445963351462979e+03 1.660724534714748188e+03 1.660091940788139482e+03 1.659494084653302252e+03 1.658854751116668467e+03 1.658129571208608695e+03 1.657323529855399102e+03
