Final_elev.asc
NCOLS 95 
NROWS 80 
xllcorner 429609.0 
yllcorner 4568204.0 
cellsize 1.0 
NODATA_value - 9999
[rows 51 to 67 of 80, columns 0 to 36 of 95]
1.690727000000000089e+03 1.690986000000000104e+03 1.691239836150131850e+03 1.691481160528115197e+03 1.691710808293006266e+03 1.691936828619684547e+03 1.692161165072433505e+03 1.692371063565467239e+03 1.692549530643766730e+03 1.692697486272825927e+03 1.692831346756391667e+03 1.692962925720821659e+03 1.693088947597284914e+03 1.693190282403102628e+03 1.693251584173469382e+03 1.693278515202051040e+03 1.693280419447790337e+03 1.693250494100720971e+03 1.693161126179309122e+03 1.692987507942437787e+03 1.692744067813580841e+03 1.692465588980169059e+03 1.692165764386987576e+03 1.691836466789788574e+03 1.691467786167318991e+03 1.691056058634102101e+03 1.690607165395149423e+03 1.690142953268744805e+03 1.689681133791486445e+03 1.689207776420030768e+03 1.688693168605822166e+03 1.688100094193622226e+03 1.687402138069544890e+03 1.686620392386778349e+03 1.685808027776099379e+03 1.685008866368679037e+03 1.684228999453844835e+03
1.690194999999999936e+03 1.690382000000000062e+03 1.690656702425594631e+03 1.690909815806031247e+03 1.691145055376493701e+03 1.691375150610739638e+03 1.691603448359683625e+03 1.691815697905472916e+03 1.691997807471080705e+03 1.692155188792782610e+03 1.692303478237741501e+03 1.692448726357758460e+03 1.692585397752701965e+03 1.692699681694573883e+03 1.692780822102501361e+03 1.692828230966799310e+03 1.692843332256997655e+03 1.692818330981103827e+03 1.692732729548295538e+03 1.692570293949474944e+03 1.692345992804604521e+03 1.692087926029267464e+03 1.691808986261342852e+03 1.691507662448344263e+03 1.691175246977335064e+03 1.690800680698953329e+03 1.690381568165455064e+03 1.689939138640706460e+03 1.689496176351201484e+03 1.689039092960581456e+03 1.688530475825146368e+03 1.687929384257278343e+03 1.687217118063726502e+03 1.686424795192744341e+03 1.685610783424324381e+03 1.684817806940041692e+03 1.684049799000259782e+03
1.689608999999999924e+03 1.689780999999999949e+03 1.690083007061565240e+03 1.690344883336032126e+03 1.690587245393013291e+03 1.690824229678859410e+03 1.691058317145543242e+03 1.691276610787934260e+03 1.691468890759400210e+03 1.691641862013570972e+03 1.691807315772147831e+03 1.691966051946702009e+03 1.692111135226840133e+03 1.692233299480001733e+03 1.692328965501791117e+03 1.692395286079884499e+03 1.692423637538689491e+03 1.692400159218192130e+03 1.692312421173724488e+03 1.692158282353377672e+03 1.691953756050822903e+03 1.691718324005088107e+03 1.691464029984844046e+03 1.691194048139353072e+03 1.690896888583509735e+03 1.690551848833870736e+03 1.690152491653283960e+03 1.689725176216545151e+03 1.689296237794869285e+03 1.688848353206293723e+03 1.688333960518253662e+03 1.687713286620339659e+03 1.686990168586070922e+03 1.686210423162915504e+03 1.685424581122328846e+03 1.684660498033709018e+03 1.683916223033341566e+03
1.688992999999999938e+03 1.689290999999999940e+03 1.689540343755415734e+03 1.689793043592307185e+03 1.690043329335022008e+03 1.690292174967592246e+03 1.690534074603643148e+03 1.690758153248934377e+03 1.690959625394384148e+03 1.691146012337426782e+03 1.691325592143109134e+03 1.691496271116319349e+03 1.691651123905389795e+03 1.691782352197991941e+03 1.691890793754652805e+03 1.691973199718922388e+03 1.692013577547870455e+03 1.691991939839299903e+03 1.691902215774614888e+03 1.691757117130520783e+03 1.691574163079854316e+03 1.691365215796839266e+03 1.691141183228516866e+03 1.690906089254727704e+03 1.690641416687637957e+03 1.690314680040944722e+03 1.689919485716491181e+03 1.689494121124527283e+03 1.689067352601201492e+03 1.688616883731770486e+03 1.688090550269936557e+03 1.687456976393188825e+03 1.686746062067385537e+03 1.686011788821112077e+03 1.685282803440956968e+03 1.684562036917263413e+03 1.683841560060987831e+03
1.688444999999999936e+03 1.688751999999999953e+03 1.688991130850370837e+03 1.689246521464110856e+03 1.689514727355006471e+03 1.689783685928400473e+03 1.690035456752216533e+03 1.690261344203187718e+03 1.690463387125596910e+03 1.690651704368638548e+03 1.690835307709642620e+03 1.691012801027485921e+03 1.691177670409371785e+03 1.691320423146935809e+03 1.691440962330738557e+03 1.691535213391256548e+03 1.691585848819537659e+03 1.691573055165652931e+03 1.691494819778616602e+03 1.691371133666081732e+03 1.691214879995636466e+03 1.691029788461089765e+03 1.690826521200140633e+03 1.690610711911353974e+03 1.690362211946162233e+03 1.690043617609044759e+03 1.689648938333405567e+03 1.689221879960991373e+03 1.688788803565888202e+03 1.688329400323597611e+03 1.687801242343604372e+03 1.687184598031183214e+03 1.686518848323601105e+03 1.685853203027266090e+03 1.685192046049492774e+03 1.684512724226320870e+03 1.683803151270582930e+03
1.687944999999999936e+03 1.688196999999999889e+03 1.688429839647669269e+03 1.688696720265574413e+03 1.688989173087072231e+03 1.689280207638446882e+03 1.689538903676352220e+03 1.689762521983549050e+03 1.689960045581130089e+03 1.690142174866109599e+03 1.690320679635282204e+03 1.690498464253134898e+03 1.690670516840184973e+03 1.690824517306279631e+03 1.690953862087308607e+03 1.691052517456802889e+03 1.691108899125994867e+03 1.691111928977208436e+03 1.691062564297475546e+03 1.690975031599212571e+03 1.690848519294263951e+03 1.690680484924336270e+03 1.690484603897731631e+03 1.690269248250450801e+03 1.690020004331783184e+03 1.689706806348584450e+03 1.689322191964802187e+03 1.688900497955613446e+03 1.688462336863874953e+03 1.687997841239276340e+03 1.687482408996222148e+03 1.686905381878991193e+03 1.686299714981181296e+03 1.685703665473688943e+03 1.685103693473469320e+03 1.684456275163936425e+03 1.683746603678333486e+03
1.687297000000000025e+03 1.687582000000000107e+03 1.687848410797044835e+03 1.688136033892017622e+03 1.688448535862688004e+03 1.688752079039447608e+03 1.689008943796804033e+03 1.689228881194443147e+03 1.689427012719656886e+03 1.689608249556446253e+03 1.689782530812110508e+03 1.689958330639792166e+03 1.690135229899867682e+03 1.690299327108973330e+03 1.690432940410351875e+03 1.690527067112311670e+03 1.690582292439890352e+03 1.690600495626430757e+03 1.690584910374405808e+03 1.690536608791414665e+03 1.690438650193061676e+03 1.690285754786861162e+03 1.690096515518667957e+03 1.689882075238043399e+03 1.689636209838532523e+03 1.689339234435366507e+03 1.688977768845620631e+03 1.688569195646796288e+03 1.688131946961049607e+03 1.687670093344643192e+03 1.687175273998541115e+03 1.686641881677001265e+03 1.686089562964759125e+03 1.685541784662148302e+03 1.684974444406861494e+03 1.684337354366157797e+03 1.683621090582287252e+03
1.686654999999999973e+03 1.686952999999999975e+03 1.687269934718668537e+03 1.687572693294435339e+03 1.687888859643730029e+03 1.688189172732865245e+03 1.688438412316661243e+03 1.688657235909318615e+03 1.688863895454259819e+03 1.689054674339981830e+03 1.689232376296213033e+03 1.689408990863466897e+03 1.689590575325890768e+03 1.689763884629201584e+03 1.689899460770222049e+03 1.689985260946218659e+03 1.690035715612366403e+03 1.690062469804547163e+03 1.690069911303468643e+03 1.690050170065365819e+03 1.689977296856026896e+03 1.689844317043853607e+03 1.689671813210537493e+03 1.689473406019387994e+03 1.689250074554675848e+03 1.688986899672052687e+03 1.688659805012510787e+03 1.688270944329774011e+03 1.687841650723192288e+03 1.687388818723053191e+03 1.686915836886696979e+03 1.686420408507744014e+03 1.685908150343212128e+03 1.685381344705386709e+03 1.684807801145568192e+03 1.684150267954517403e+03 1.683421563757729245e+03
1.686160000000000082e+03 1.686442000000000007e+03 1.686735414289720211e+03 1.687025310394119060e+03 1.687321053441785352e+03 1.687600745107336479e+03 1.687840567982861103e+03 1.688063646168385503e+03 1.688284134015839072e+03 1.688489694654596860e+03 1.688674514844414261e+03 1.688851067906630533e+03 1.689032429869717362e+03 1.689210139354253670e+03 1.689348872564053636e+03 1.689433414473172888e+03 1.689484788545526044e+03 1.689517450095348977e+03 1.689535951451295659e+03 1.689531222523377437e+03 1.689478352589213500e+03 1.689369071538945491e+03 1.689222147172893756e+03 1.689053661153494431e+03 1.688869105100456864e+03 1.688653253468038656e+03 1.688370019213793057e+03 1.688008943122383471e+03 1.687594926586716610e+03 1.687155068694894908e+03 1.686701195438176683e+03 1.686233423630810648e+03 1.685744582424419150e+03 1.685214404912536565e+03 1.684608780134133212e+03 1.683917298717847189e+03 1.683183217776999754e+03
1.685615000000000009e+03 1.685905999999999949e+03 1.686228948447275798e+03 1.686500197511713623e+03 1.686761842441095951e+03 1.687012638051887279e+03 1.687243938348827214e+03 1.687473069547087562e+03 1.687704515855584987e+03 1.687919730677273492e+03 1.688107291782601351e+03 1.688277729978333809e+03 1.688449475667860952e+03 1.688622518264598966e+03 1.688765421638853240e+03 1.688860589997979105e+03 1.688924781751885803e+03 1.688970283155951620e+03 1.689000429035292427e+03 1.689006620545604619e+03 1.688969500731957396e+03 1.688882231127811565e+03 1.688762140119543346e+03 1.688628023081192396e+03 1.688486822234765896e+03 1.688320961767606605e+03 1.688084982931964760e+03 1.687758787625689820e+03 1.687368193626926541e+03 1.686945554883437353e+03 1.686505597319556273e+03 1.686047777088794419e+03 1.685556661061816612e+03 1.685002950435224875e+03 1.684366464146992939e+03 1.683662586574192119e+03 1.682949406948483556e+03
1.685070999999999913e+03 1.685557000000000016e+03 1.685781492913725060e+03 1.685998676154767736e+03 1.686218817867159260e+03 1.686442566973803878e+03 1.686666498004688947e+03 1.686897512792371799e+03 1.687130865963514680e+03 1.687346722083290842e+03 1.687532958158896463e+03 1.687695866532588752e+03 1.687853793274429790e+03 1.688015128626454725e+03 1.688159807863278502e+03 1.688270796250405965e+03 1.688354628883194209e+03 1.688418821448408380e+03 1.688464955818714316e+03 1.688484726502392277e+03 1.688464747717209548e+03 1.688401321295329353e+03 1.688309990440645606e+03 1.688209319847455390e+03 1.688104488477045606e+03 1.687975702137511689e+03 1.687776665340072668e+03 1.687486073452866776e+03 1.687128234094234358e+03 1.686731983435733582e+03 1.686304042284067691e+03 1.685837929708947286e+03 1.685319097233407319e+03 1.684730923899055369e+03 1.684079896593257217e+03 1.683396097402700434e+03 1.682731283740928575e+03
1.684739000000000033e+03 1.685284000000000106e+03 1.685322554404807306e+03 1.685481600588463607e+03 1.685673459755988461e+03 1.685884467544557765e+03 1.686106502558400052e+03 1.686336373571464264e+03 1.686565179708046344e+03 1.686777819307358641e+03 1.686966206132097795e+03 1.687129815497169602e+03 1.687276868368474879e+03 1.687420946799156127e+03 1.687559114207056609e+03 1.687681039720733679e+03 1.687783723320451145e+03 1.687866648079897232e+03 1.687928536190926252e+03 1.687963572564131255e+03 1.687965166546702449e+03 1.687931646789419574e+03 1.687872413350035458e+03 1.687799798453769881e+03 1.687716093636737696e+03 1.687602757279109028e+03 1.687422754563853232e+03 1.687163011229965150e+03 1.686846174492765840e+03 1.686489488249974329e+03 1.686080966184881163e+03 1.685605111476202637e+03 1.685057343821739323e+03 1.684445683994265437e+03 1.683799802822831225e+03 1.683152352739441540e+03 1.682540193056498993e+03
1.683991999999999962e+03 1.684471999999999980e+03 1.684712845193242629e+03 1.684910338606067853e+03 1.685111812470714995e+03 1.685331682304759852e+03 1.685561549721530127e+03 1.685792544213448764e+03 1.686016702392768821e+03 1.686227126053714073e+03 1.686423816680608979e+03 1.686599515489808709e+03 1.686742248485494656e+03 1.686864602109043062e+03 1.686984618732575655e+03 1.687105431282559493e+03 1.687219616714294716e+03 1.687317899586996873e+03 1.687393795168530232e+03 1.687444381027896725e+03 1.687470537427449472e+03 1.687471064459300123e+03 1.687444647201529278e+03 1.687393642093473318e+03 1.687320388354984061e+03 1.687210967413587468e+03 1.687038194003291665e+03 1.686800220043792478e+03 1.686521279654162981e+03 1.686206989712058657e+03 1.685828083154066462e+03 1.685363476883301701e+03 1.684815905650534660e+03 1.684207404130399027e+03 1.683577923056487407e+03 1.682961035277353403e+03 1.682385073372088982e+03
1.683477000000000089e+03 1.683862000000000080e+03 1.684142176389160113e+03 1.684350010058411044e+03 1.684563295502503479e+03 1.684797437414542401e+03 1.685038196515660957e+03 1.685271656180123045e+03 1.685491344369122771e+03 1.685698069002580041e+03 1.685902293038660900e+03 1.686095167344092260e+03 1.686243526467700121e+03 1.686349643180776866e+03 1.686448093301519521e+03 1.686557596688888907e+03 1.686672286856820620e+03 1.686778509480464891e+03 1.686865498057870127e+03 1.686930695951583175e+03 1.686979586536181159e+03 1.687010230286376782e+03 1.687011267269208474e+03 1.686977011551743999e+03 1.686912332573159347e+03 1.686808284617570735e+03 1.686641991410176161e+03 1.686417933506026429e+03 1.686162449409616102e+03 1.685874478629890746e+03 1.685522938231956687e+03 1.685091752734226475e+03 1.684580333377027728e+03 1.684003021502657020e+03 1.683399655706857402e+03 1.682809013084482331e+03 1.682256100710774035e+03
1.683089999999999918e+03 1.683630000000000109e+03 1.683660634309948136e+03 1.683824382269334592e+03 1.684040568025116499e+03 1.684286406952010566e+03 1.684536262945700173e+03 1.684770646739759286e+03 1.684983768274798649e+03 1.685183688167522178e+03 1.685389240346923998e+03 1.685593157694544061e+03 1.685751854362739778e+03 1.685855510279167675e+03 1.685942786426283419e+03 1.686041121013248130e+03 1.686149282131977770e+03 1.686255607328562519e+03 1.686349157549603433e+03 1.686425698996261872e+03 1.686490511718422340e+03 1.686540016949403253e+03 1.686558084287087240e+03 1.686536887875891352e+03 1.686482902878467485e+03 1.686389718091626492e+03 1.686234950552838427e+03 1.686021728686787810e+03 1.685774857559858447e+03 1.685491952282521197e+03 1.685156205578647814e+03 1.684763649462617877e+03 1.684305519956576063e+03 1.683780005348537998e+03 1.683222373071270567e+03 1.682673045320498886e+03 1.682146243477899361e+03
1.682516000000000076e+03 1.682837999999999965e+03 1.683057616975093879e+03 1.683274634230829179e+03 1.683517114601906314e+03 1.683777595534584634e+03 1.684032897944288152e+03 1.684265004865344508e+03 1.684471228415699443e+03 1.684667540143673477e+03 1.684874338345515298e+03 1.685082651796297114e+03 1.685251085465204142e+03 1.685364645786901292e+03 1.685454872145896616e+03 1.685548568586551482e+03 1.685649120206905536e+03 1.685750608904283581e+03 1.685845725877931500e+03 1.685929350340803239e+03 1.686003303575194877e+03 1.686061137145484281e+03 1.686086605707206900e+03 1.686075145914668838e+03 1.686032850639436674e+03 1.685952305661137871e+03 1.685812025827688331e+03 1.685611387547998902e+03 1.685369987203008577e+03 1.685086129852624026e+03 1.684759740391732748e+03 1.684396453561930230e+03 1.683985724071460936e+03 1.683519982341394780e+03 1.683027436719802608e+03 1.682536262614748466e+03 1.682038517575834021e+03
1.681942000000000007e+03 1.682222999999999956e+03 1.682464715860175602e+03 1.682713694432208285e+03 1.682979049010329845e+03 1.683245948354031952e+03 1.683494530523895946e+03 1.683720703465880661e+03 1.683929733485446377e+03 1.684139495365300263e+03 1.684359480846034785e+03 1.684573883141574697e+03 1.684750654711870538e+03 1.684877873724350138e+03 1.684976966635681947e+03 1.685069536851536668e+03 1.685162356382414146e+03 1.685255527676904876e+03 1.685346751312567449e+03 1.685432007677933598e+03 1.685509043351882383e+03 1.685567920602116601e+03 1.685594666445038001e+03 1.685590015631212282e+03 1.685558672864747450e+03 1.685490329591410045e+03 1.685366701762519369e+03 1.685186437340670636e+03 1.684961570661549558e+03 1.684689998847333300e+03 1.684379731861771006e+03 1.684037376519817826e+03 1.683657791071045949e+03 1.683241048368455722e+03 1.682807872992303373e+03 1.682365400109888014e+03 1.681885263018709793e+03
