Final_elev.asc
NCOLS 95 
NROWS 80 
xllcorner 429609.0 
yllcorner 4568204.0 
cellsize 1.0 
NODATA_value - 9999
[rows 0 to 16 of 80, columns 0 to 36 of 95]
1.715145999999999958e+03 1.715558999999999969e+03 1.714701000000000022e+03 1.713894999999999982e+03 1.713162000000000035e+03 1.712521999999999935e+03 1.711825000000000045e+03 1.711269999999999982e+03 1.710743999999999915e+03 1.710164999999999964e+03 1.709586000000000013e+03 1.708904999999999973e+03 1.708200000000000045e+03 1.707241999999999962e+03 1.706201000000000022e+03 1.705161000000000058e+03 1.704490999999999985e+03 1.703647999999999911e+03 1.702654999999999973e+03 1.702153999999999996e+03 1.701630000000000109e+03 1.700962999999999965e+03 1.700252999999999929e+03 1.699534000000000106e+03 1.698791999999999916e+03 1.697955999999999904e+03 1.697121000000000095e+03 1.696401000000000067e+03 1.695855000000000018e+03 1.695144000000000005e+03 1.694261999999999944e+03 1.693405999999999949e+03 1.692429000000000087e+03 1.691686999999999898e+03 1.690933999999999969e+03 1.690165999999999940e+03 1.689288999999999987e+03
1.715229000000000042e+03 1.714968000000000075e+03 1.714286000000000058e+03 1.713468000000000075e+03 1.712808999999999969e+03 1.712231999999999971e+03 1.711672000000000025e+03 1.711121000000000095e+03 1.710538999999999987e+03 1.709839999999999918e+03 1.709336000000000013e+03 1.708809999999999945e+03 1.708096999999999980e+03 1.707058999999999969e+03 1.706019999999999982e+03 1.704980999999999995e+03 1.704476000000000113e+03 1.703720000000000027e+03 1.702298000000000002e+03 1.702102000000000089e+03 1.701501999999999953e+03 1.700676999999999907e+03 1.700044000000000096e+03 1.699394000000000005e+03 1.698662000000000035e+03 1.697826999999999998e+03 1.697220000000000027e+03 1.696457000000000107e+03 1.695693999999999960e+03 1.694892000000000053e+03 1.693942999999999984e+03 1.692994999999999891e+03 1.692147999999999911e+03 1.691345000000000027e+03 1.690586000000000013e+03 1.689819999999999936e+03 1.689142000000000053e+03
1.714567999999999984e+03 1.714323000000000093e+03 1.713802465523875981e+03 1.713196992714088765e+03 1.712612007495460603e+03 1.712054866319514986e+03 1.711504986008573269e+03 1.710944068443431661e+03 1.710342927479628543e+03 1.709690792428901204e+03 1.709072725846764797e+03 1.708439696246213771e+03 1.707699098496615761e+03 1.706801457782035641e+03 1.705860697655302147e+03 1.704959017009118725e+03 1.704208671674404286e+03 1.703412191135573948e+03 1.702520480145416741e+03 1.701924423713858005e+03 1.701273810170855995e+03 1.700547887138606711e+03 1.699864677231083306e+03 1.699197852695165693e+03 1.698507076645796587e+03 1.697773087877799981e+03 1.697051411308072147e+03 1.696271229149221881e+03 1.695461574861633380e+03 1.694616607258238901e+03 1.693722979478344314e+03 1.692831840095830330e+03 1.691985632647488274e+03 1.691182509529784511e+03 1.690417968197612936e+03 1.689679322917089394e+03 1.688987971461096322e+03
1.714107999999999947e+03 1.713768000000000029e+03 1.713404164037529199e+03 1.712904721515371875e+03 1.712376740654907735e+03 1.711848316236298388e+03 1.711315035563191714e+03 1.710761055130832574e+03 1.710159378966648546e+03 1.709502603258439194e+03 1.708832498674604949e+03 1.708151475133884560e+03 1.707402292241772329e+03 1.706551106482156683e+03 1.705663870609819696e+03 1.704808284571150807e+03 1.704014430024805506e+03 1.703235208035708638e+03 1.702477456275470104e+03 1.701811053592314693e+03 1.701132002593951711e+03 1.700417267343862022e+03 1.699721002482470340e+03 1.699056358539373832e+03 1.698395783414034668e+03 1.697699866569226288e+03 1.696953271401815982e+03 1.696143292164697641e+03 1.695291328230586259e+03 1.694412453337008174e+03 1.693525239714754207e+03 1.692655193093793287e+03 1.691819573564604525e+03 1.691022664640611310e+03 1.690259286338227184e+03 1.689520300845280417e+03 1.688814546620785450e+03
1.713800999999999931e+03 1.713618999999999915e+03 1.713140952898183514e+03 1.712640741279216854e+03 1.712129941122646869e+03 1.711617099205693876e+03 1.711095893531723505e+03 1.710551413857571106e+03 1.709957386300523922e+03 1.709299527342976944e+03 1.708605469214465074e+03 1.707896045406443136e+03 1.707135365346105573e+03 1.706300667638980485e+03 1.705446743055621482e+03 1.704620917331677902e+03 1.703829754841024624e+03 1.703072440319382167e+03 1.702369205088807576e+03 1.701710239945293324e+03 1.701031566678048421e+03 1.700318743145712233e+03 1.699615253643426968e+03 1.698949234283593796e+03 1.698304499693470916e+03 1.697633607217846020e+03 1.696892531388346924e+03 1.696064529542372384e+03 1.695173445357100491e+03 1.694256016721563810e+03 1.693356916050576729e+03 1.692495790383212125e+03 1.691672858443255791e+03 1.690884632653774361e+03 1.690121131362932601e+03 1.689371651291234457e+03 1.688646330820960202e+03
1.713521999999999935e+03 1.713425999999999931e+03 1.712896447953596180e+03 1.712389437782426057e+03 1.711880896167888295e+03 1.711372188028717801e+03 1.710855622564847408e+03 1.710317335506411155e+03 1.709732271181023407e+03 1.709080270595555248e+03 1.708379405024135394e+03 1.707655425298667069e+03 1.706889526196948964e+03 1.706069378375786300e+03 1.705239949929076829e+03 1.704431738311282061e+03 1.703647140292601307e+03 1.702909036997215026e+03 1.702242310949068724e+03 1.701605969956438912e+03 1.700936566237240186e+03 1.700226885141256844e+03 1.699519026059632779e+03 1.698846784863571884e+03 1.698202978708502997e+03 1.697540617433522584e+03 1.696803297330417536e+03 1.695963055998264963e+03 1.695047509393697965e+03 1.694108076985654861e+03 1.693202052687516698e+03 1.692348262204277489e+03 1.691536942904559965e+03 1.690756182431396837e+03 1.689992442175210044e+03 1.689234053747225516e+03 1.688491678538090582e+03
1.713200000000000045e+03 1.713057999999999993e+03 1.712614045303937928e+03 1.712135255615896313e+03 1.711633040874973631e+03 1.711123663959620444e+03 1.710606727760616195e+03 1.710072664090409489e+03 1.709498222118818376e+03 1.708858066427617587e+03 1.708161368758292156e+03 1.707432969327649971e+03 1.706669757642041759e+03 1.705866585382084622e+03 1.705053721631276403e+03 1.704251876513882053e+03 1.703471924088323703e+03 1.702750109061938474e+03 1.702106737773122632e+03 1.701482842804316306e+03 1.700816819115805856e+03 1.700110485002943733e+03 1.699402944654113753e+03 1.698723735855371388e+03 1.698068209647044569e+03 1.697393398706884454e+03 1.696642464031927375e+03 1.695788006561371731e+03 1.694869007164709274e+03 1.693939419043513226e+03 1.693042440372638112e+03 1.692195750631758074e+03 1.691391274208224104e+03 1.690615369824270829e+03 1.689854595678848909e+03 1.689096167972626972e+03 1.688346078619937998e+03
1.712814000000000078e+03 1.712723999999999933e+03 1.712316951964894997e+03 1.711860286363486011e+03 1.711371367320128002e+03 1.710868493044758225e+03 1.710356540951536317e+03 1.709832576575225403e+03 1.709277362848137727e+03 1.708659176016455149e+03 1.707973572970465284e+03 1.707242770644215852e+03 1.706480732758432623e+03 1.705688726175184911e+03 1.704883103967284569e+03 1.704080523198937271e+03 1.703303830846919936e+03 1.702595694576519691e+03 1.701968247111678011e+03 1.701350359393270537e+03 1.700683743696447436e+03 1.699977028568906462e+03 1.699266024343517074e+03 1.698574393852154117e+03 1.697899040838359497e+03 1.697205862827734109e+03 1.696447205861995826e+03 1.695600422853542341e+03 1.694702067208472727e+03 1.693792657255063659e+03 1.692899081069916974e+03 1.692046960142849457e+03 1.691238446485938312e+03 1.690461741802183724e+03 1.689704329556279845e+03 1.688951935438245982e+03 1.688202929054024253e+03
1.712298000000000002e+03 1.712515000000000100e+03 1.711987929775752264e+03 1.711526600003030808e+03 1.711064770484383871e+03 1.710591286129532136e+03 1.710102774450994275e+03 1.709600734034074321e+03 1.709073379007027597e+03 1.708484684901002765e+03 1.707814031191792765e+03 1.707081174244226531e+03 1.706316210865101084e+03 1.705527122293304956e+03 1.704723220763223253e+03 1.703920684446332643e+03 1.703150268852008367e+03 1.702456869617462871e+03 1.701846626722641304e+03 1.701239135650850585e+03 1.700572551839931521e+03 1.699857142512149039e+03 1.699130737444237639e+03 1.698418052775644355e+03 1.697719523397421881e+03 1.697009566231433610e+03 1.696252696483737736e+03 1.695430198985101470e+03 1.694558927784303705e+03 1.693662510163282832e+03 1.692766152332629190e+03 1.691906037582849649e+03 1.691091875306693510e+03 1.690312583539578554e+03 1.689555552121352775e+03 1.688806831395588233e+03 1.688060005243070009e+03
1.711792999999999893e+03 1.712001999999999953e+03 1.711542464118381986e+03 1.711135503940691251e+03 1.710727650695742568e+03 1.710301794643148924e+03 1.709848043640152127e+03 1.709369870426461148e+03 1.708864333979081266e+03 1.708299186482910955e+03 1.707645739705298638e+03 1.706919888194501482e+03 1.706157304997712799e+03 1.705369809125804750e+03 1.704567322582134921e+03 1.703769248319323879e+03 1.703010380578418335e+03 1.702335933183660927e+03 1.701750075867256555e+03 1.701166961605246343e+03 1.700512914315571606e+03 1.699790392128100393e+03 1.699039884314130632e+03 1.698293438168880357e+03 1.697559315071533092e+03 1.696819846111134893e+03 1.696050914058719854e+03 1.695239358137670706e+03 1.694384477201697109e+03 1.693500893905949852e+03 1.692616880678327789e+03 1.691767287246655087e+03 1.690960091318294872e+03 1.690183319605241650e+03 1.689424557368786964e+03 1.688672967639076433e+03 1.687922736185566237e+03
1.711326999999999998e+03 1.711234999999999900e+03 1.711042817962938670e+03 1.710749156451950967e+03 1.710408723500711403e+03 1.710028342011450604e+03 1.709601951937380818e+03 1.709135447932386796e+03 1.708634737549775991e+03 1.708079725101144049e+03 1.707444077711243153e+03 1.706736846378320934e+03 1.705987779921289075e+03 1.705209432000872994e+03 1.704413998812822229e+03 1.703624643134556436e+03 1.702878948700845740e+03 1.702222111237138506e+03 1.701658513836408929e+03 1.701103340490838491e+03 1.700474466657493167e+03 1.699759584070230630e+03 1.698991281174079177e+03 1.698205201003759385e+03 1.697420520176978926e+03 1.696632405428255424e+03 1.695829755589204069e+03 1.695006869566926753e+03 1.694159447785762723e+03 1.693299604730849296e+03 1.692450508766601160e+03 1.691633040882316664e+03 1.690847135449363350e+03 1.690078610578467988e+03 1.689316848774506525e+03 1.688556856678390659e+03 1.687796991853401778e+03
1.710834000000000060e+03 1.710847999999999956e+03 1.710644229175407872e+03 1.710411987092582649e+03 1.710124528957519487e+03 1.709779966060101742e+03 1.709371142188621661e+03 1.708903372883957445e+03 1.708390506665711882e+03 1.707830361723550595e+03 1.707208243522344901e+03 1.706527349663626865e+03 1.705806259782935740e+03 1.705052666791521688e+03 1.704273976251055046e+03 1.703494818862474403e+03 1.702757991351140618e+03 1.702110237150862986e+03 1.701554316966209853e+03 1.701009355394594422e+03 1.700397713707341381e+03 1.699700003628439845e+03 1.698935009097451712e+03 1.698131136221707038e+03 1.697308661534628527e+03 1.696473357824010009e+03 1.695629598872727684e+03 1.694784166935993198e+03 1.693940532776330656e+03 1.693108879831961985e+03 1.692300216779849279e+03 1.691520664018880780e+03 1.690762644432634488e+03 1.690006425522578184e+03 1.689241089591078662e+03 1.688467951818290885e+03 1.687691524414313790e+03
1.710395999999999958e+03 1.710311999999999898e+03 1.710246004095941771e+03 1.710092220480726610e+03 1.709858800219032673e+03 1.709552879863344288e+03 1.709164022044522653e+03 1.708693535188657052e+03 1.708162838698448013e+03 1.707587746084115224e+03 1.706969081237452428e+03 1.706311780342343809e+03 1.705627175365248604e+03 1.704911645580750701e+03 1.704157681488205071e+03 1.703387723070391985e+03 1.702653950512136362e+03 1.702008053456711195e+03 1.701448019153706127e+03 1.700894361899822798e+03 1.700282238982086483e+03 1.699599236158175700e+03 1.698855870579777502e+03 1.698064027589937268e+03 1.697231624324434506e+03 1.696369737237648678e+03 1.695496346311961133e+03 1.694630274361754346e+03 1.693784972246410689e+03 1.692970206657776089e+03 1.692188607700866669e+03 1.691439880482981607e+03 1.690713022885975761e+03 1.689978458403624700e+03 1.689216051116471135e+03 1.688427640378002707e+03 1.687624684465873997e+03
1.709981999999999971e+03 1.709932999999999993e+03 1.709887019756034761e+03 1.709781191549562209e+03 1.709596801671250887e+03 1.709336574223336129e+03 1.708977021827804720e+03 1.708510983476998263e+03 1.707967358502896332e+03 1.707377342947265561e+03 1.706756209538742723e+03 1.706116002141029412e+03 1.705465104089786337e+03 1.704788216359189391e+03 1.704061410569674081e+03 1.703300423857356463e+03 1.702565807366175704e+03 1.701917367316038280e+03 1.701348857084015890e+03 1.700778563068841095e+03 1.700155317259145932e+03 1.699481765197483583e+03 1.698765970064901012e+03 1.697999709608764988e+03 1.697175261294619759e+03 1.696306813722675088e+03 1.695420854648196382e+03 1.694542466988985325e+03 1.693691231692906513e+03 1.692878934284115076e+03 1.692107192835340356e+03 1.691377786102628988e+03 1.690682912886898521e+03 1.689984916869514564e+03 1.689244034876210890e+03 1.688448980700566381e+03 1.687613738773004570e+03
1.709550999999999931e+03 1.709553000000000111e+03 1.709520457233193611e+03 1.709447112567659133e+03 1.709305791504011722e+03 1.709092245567359896e+03 1.708767623608181111e+03 1.708316648579052298e+03 1.707773987653915810e+03 1.707180993010669226e+03 1.706562254678633053e+03 1.705935726002118599e+03 1.705308103747908262e+03 1.704658553455100673e+03 1.703955966518865807e+03 1.703208253927151873e+03 1.702476354282229750e+03 1.701827270947051602e+03 1.701254886184868155e+03 1.700672105681491075e+03 1.700034797011061528e+03 1.699360192292883312e+03 1.698660224718793188e+03 1.697914559653604101e+03 1.697105270118607223e+03 1.696245907012691305e+03 1.695364025959655692e+03 1.694484714068407129e+03 1.693629157407283628e+03 1.692812057294675242e+03 1.692038232881345266e+03 1.691315602777801359e+03 1.690645504697833758e+03 1.689991050927385004e+03 1.689293226600363823e+03 1.688515961718640710e+03 1.687662932304994683e+03
1.709077999999999975e+03 1.709130000000000109e+03 1.709122795941381582e+03 1.709070291051018330e+03 1.708956290479150312e+03 1.708772313747286034e+03 1.708474959900460817e+03 1.708047688304863186e+03 1.707526397397404935e+03 1.706953253130179746e+03 1.706353397734028022e+03 1.705744622039766000e+03 1.705129880603719357e+03 1.704490802533625583e+03 1.703804399480756956e+03 1.703077724300065483e+03 1.702363802615602935e+03 1.701727071735562959e+03 1.701160701848266399e+03 1.700572212247733205e+03 1.699918391067608127e+03 1.699226902982120009e+03 1.698520508154914069e+03 1.697781548579072023e+03 1.696989089751406937e+03 1.696151189620711421e+03 1.695289387203275055e+03 1.694423485572257732e+03 1.693571849735159958e+03 1.692750578729223434e+03 1.691969235459551328e+03 1.691243093172679664e+03 1.690585072597454200e+03 1.689968840517068884e+03 1.689329791399349915e+03 1.688608534230936584e+03 1.687781380314815124e+03
1.708616999999999962e+03 1.708710000000000036e+03 1.708713317172475627e+03 1.708666696975728655e+03 1.708560951460053730e+03 1.708384661948047324e+03 1.708102736306939278e+03 1.707704929837150985e+03 1.707223433109644475e+03 1.706690260076971754e+03 1.706122365445675314e+03 1.705534138139218612e+03 1.704924404484818297e+03 1.704282186156235184e+03 1.703602483218275211e+03 1.702899956037486618e+03 1.702219108909025181e+03 1.701611536750818914e+03 1.701060916444201666e+03 1.700470536731972516e+03 1.699799660082079299e+03 1.699082705016200180e+03 1.698353733577333969e+03 1.697607429637217137e+03 1.696826572673812052e+03 1.696013527100277997e+03 1.695181149199572246e+03 1.694340723913838929e+03 1.693503422565238225e+03 1.692682950044036943e+03 1.691893578964919243e+03 1.691158231620648621e+03 1.690500016422899989e+03 1.689908430448441777e+03 1.689331546718301979e+03 1.688702460217760972e+03 1.687961381553768433e+03
