Init_elev.asc
NCOLS 95 
NROWS 80 
xllcorner 429609.0 
yllcorner 4568204.0 
cellsize 1.0 
NODATA_value - 9999
[rows 17 to 33 of 80, columns 0 to 36 of 95]
1.708251999999999953e+03 1.708335000000000036e+03 1.708378999999999905e+03 1.708330999999999904e+03 1.708183999999999969e+03 1.708019999999999982e+03 1.707770999999999958e+03 1.707297000000000025e+03 1.706818999999999960e+03 1.706444999999999936e+03 1.705852000000000089e+03 1.705363000000000056e+03 1.704746000000000095e+03 1.704025000000000091e+03 1.703304000000000087e+03 1.702583000000000084e+03 1.701891000000000076e+03 1.701378999999999905e+03 1.701209000000000060e+03 1.700539999999999964e+03 1.699730000000000018e+03 1.698920000000000073e+03 1.698108999999999924e+03 1.697354000000000042e+03 1.696554000000000087e+03 1.695752999999999929e+03 1.694960000000000036e+03 1.694188000000000102e+03 1.693410000000000082e+03 1.692590999999999894e+03 1.691760999999999967e+03 1.690932000000000016e+03 1.690262999999999920e+03 1.689760999999999967e+03 1.689259000000000015e+03 1.688931000000000040e+03 1.688752999999999929e+03
1.707866999999999962e+03 1.707958000000000084e+03 1.708000000000000000e+03 1.708030999999999949e+03 1.707827999999999975e+03 1.707664999999999964e+03 1.707446999999999889e+03 1.707049999999999955e+03 1.706731999999999971e+03 1.706297000000000025e+03 1.705682000000000016e+03 1.705156999999999925e+03 1.704586999999999989e+03 1.703865999999999985e+03 1.703144999999999982e+03 1.702452999999999975e+03 1.701750000000000000e+03 1.701143000000000029e+03 1.701021999999999935e+03 1.700369999999999891e+03 1.699583000000000084e+03 1.698797000000000025e+03 1.698010999999999967e+03 1.697298000000000002e+03 1.696520999999999958e+03 1.695732999999999947e+03 1.694945999999999913e+03 1.694157999999999902e+03 1.693371000000000095e+03 1.692526000000000067e+03 1.691669000000000096e+03 1.690875999999999976e+03 1.690145999999999958e+03 1.689575000000000045e+03 1.689074000000000069e+03 1.688721000000000004e+03 1.688542999999999893e+03
1.707450000000000045e+03 1.707558999999999969e+03 1.707429000000000087e+03 1.707451999999999998e+03 1.707487000000000080e+03 1.707395999999999958e+03 1.707144000000000005e+03 1.706853000000000065e+03 1.706622000000000071e+03 1.706335000000000036e+03 1.705441000000000031e+03 1.704960000000000036e+03 1.704428000000000111e+03 1.703707000000000107e+03 1.703096000000000004e+03 1.702385999999999967e+03 1.701645999999999958e+03 1.701105000000000018e+03 1.700923000000000002e+03 1.700211999999999989e+03 1.699480999999999995e+03 1.698728000000000065e+03 1.697941000000000031e+03 1.697222999999999956e+03 1.696479000000000042e+03 1.695693999999999960e+03 1.694905999999999949e+03 1.694118999999999915e+03 1.693330999999999904e+03 1.692486000000000104e+03 1.691603000000000065e+03 1.690864000000000033e+03 1.690135999999999967e+03 1.689407999999999902e+03 1.688887999999999920e+03 1.688510999999999967e+03 1.688334000000000060e+03
1.706967000000000098e+03 1.707097999999999956e+03 1.707032999999999902e+03 1.706996000000000095e+03 1.707078999999999951e+03 1.706858999999999924e+03 1.706675999999999931e+03 1.706428000000000111e+03 1.706191000000000031e+03 1.705865000000000009e+03 1.705291999999999916e+03 1.704809999999999945e+03 1.704321999999999889e+03 1.703739000000000033e+03 1.703022999999999911e+03 1.702281999999999925e+03 1.701541999999999916e+03 1.701140000000000100e+03 1.700730000000000018e+03 1.700029999999999973e+03 1.699315000000000055e+03 1.698599999999999909e+03 1.697851000000000113e+03 1.697115999999999985e+03 1.696372000000000071e+03 1.695627999999999929e+03 1.694866999999999962e+03 1.694078999999999951e+03 1.693291999999999916e+03 1.692446999999999889e+03 1.691523999999999887e+03 1.690842000000000098e+03 1.690125999999999976e+03 1.689397999999999911e+03 1.688701999999999998e+03 1.688300999999999931e+03 1.687738000000000056e+03
1.706675999999999931e+03 1.706542999999999893e+03 1.706603000000000065e+03 1.706550999999999931e+03 1.706481999999999971e+03 1.706401000000000067e+03 1.706234999999999900e+03 1.706096000000000004e+03 1.705794000000000096e+03 1.705451000000000022e+03 1.705097999999999956e+03 1.704836000000000013e+03 1.704329999999999927e+03 1.703752999999999929e+03 1.703099999999999909e+03 1.702382000000000062e+03 1.701565000000000055e+03 1.700817999999999984e+03 1.700532999999999902e+03 1.699977000000000089e+03 1.699229000000000042e+03 1.698479000000000042e+03 1.697720000000000027e+03 1.696980999999999995e+03 1.696246000000000095e+03 1.695511999999999944e+03 1.694776000000000067e+03 1.694031999999999925e+03 1.693251999999999953e+03 1.692405999999999949e+03 1.691480000000000018e+03 1.690759999999999991e+03 1.690048999999999978e+03 1.689351000000000113e+03 1.688652000000000044e+03 1.688008000000000038e+03 1.687076000000000022e+03
1.705898999999999887e+03 1.706058999999999969e+03 1.706181000000000040e+03 1.706137999999999920e+03 1.706223999999999933e+03 1.706134000000000015e+03 1.705989000000000033e+03 1.705894000000000005e+03 1.705690000000000055e+03 1.705236000000000104e+03 1.704852000000000089e+03 1.704588999999999942e+03 1.704146999999999935e+03 1.703538000000000011e+03 1.702936999999999898e+03 1.702267000000000053e+03 1.701480999999999995e+03 1.700753999999999905e+03 1.700396999999999935e+03 1.699832000000000107e+03 1.699106999999999971e+03 1.698347999999999956e+03 1.697589999999999918e+03 1.696846000000000004e+03 1.696111000000000104e+03 1.695376999999999953e+03 1.694642000000000053e+03 1.693906999999999925e+03 1.693179000000000087e+03 1.692397999999999911e+03 1.691491999999999962e+03 1.690809999999999945e+03 1.690153999999999996e+03 1.689442000000000007e+03 1.688730999999999995e+03 1.687820999999999913e+03 1.686942000000000007e+03
1.705421000000000049e+03 1.705574000000000069e+03 1.705653999999999996e+03 1.705769999999999982e+03 1.705808999999999969e+03 1.705743999999999915e+03 1.705695999999999913e+03 1.705578999999999951e+03 1.705395999999999958e+03 1.704989000000000033e+03 1.704570999999999913e+03 1.704190000000000055e+03 1.703811999999999898e+03 1.703344000000000051e+03 1.702798000000000002e+03 1.702028000000000020e+03 1.701128999999999905e+03 1.700593000000000075e+03 1.700231999999999971e+03 1.699604000000000042e+03 1.698855999999999995e+03 1.698170000000000073e+03 1.697480999999999995e+03 1.696743999999999915e+03 1.696045000000000073e+03 1.695326999999999998e+03 1.694608999999999924e+03 1.693891000000000076e+03 1.693239000000000033e+03 1.692577999999999975e+03 1.691660000000000082e+03 1.690824000000000069e+03 1.690188000000000102e+03 1.689542999999999893e+03 1.688625000000000000e+03 1.687753999999999905e+03 1.686898999999999887e+03
1.704943999999999960e+03 1.705039999999999964e+03 1.705202999999999975e+03 1.705278000000000020e+03 1.705326000000000022e+03 1.705282999999999902e+03 1.705323000000000093e+03 1.705161000000000058e+03 1.704905999999999949e+03 1.704673999999999978e+03 1.704394000000000005e+03 1.704057999999999993e+03 1.703679000000000087e+03 1.703165999999999940e+03 1.702634999999999991e+03 1.701991999999999962e+03 1.701132000000000062e+03 1.700403000000000020e+03 1.700201000000000022e+03 1.699659000000000106e+03 1.698911000000000058e+03 1.698163000000000011e+03 1.697432999999999993e+03 1.696682000000000016e+03 1.695951000000000022e+03 1.695259000000000015e+03 1.694566000000000031e+03 1.693873000000000047e+03 1.693236000000000104e+03 1.692561999999999898e+03 1.691792999999999893e+03 1.690909000000000106e+03 1.690061999999999898e+03 1.689337999999999965e+03 1.688508000000000038e+03 1.687673000000000002e+03 1.686837999999999965e+03
1.704551999999999907e+03 1.704604000000000042e+03 1.704821999999999889e+03 1.704883000000000038e+03 1.704872000000000071e+03 1.704894999999999982e+03 1.704950000000000045e+03 1.704750999999999976e+03 1.704643000000000029e+03 1.704457000000000107e+03 1.704142000000000053e+03 1.703819999999999936e+03 1.703395999999999958e+03 1.702954999999999927e+03 1.702477000000000089e+03 1.701851000000000113e+03 1.701070999999999913e+03 1.700329999999999927e+03 1.700085000000000036e+03 1.699470000000000027e+03 1.698778999999999996e+03 1.698069999999999936e+03 1.697333000000000084e+03 1.696573000000000093e+03 1.695896999999999935e+03 1.695189000000000078e+03 1.694455999999999904e+03 1.693779999999999973e+03 1.693136999999999944e+03 1.692450000000000045e+03 1.691750999999999976e+03 1.690993999999999915e+03 1.690230000000000018e+03 1.689364000000000033e+03 1.688473999999999933e+03 1.687589999999999918e+03 1.686707000000000107e+03
1.704078999999999951e+03 1.704182999999999993e+03 1.704347999999999956e+03 1.704499000000000024e+03 1.704537000000000035e+03 1.704567999999999984e+03 1.704588999999999942e+03 1.704468000000000075e+03 1.704349999999999909e+03 1.704060999999999922e+03 1.703773999999999887e+03 1.703546000000000049e+03 1.703183999999999969e+03 1.702792999999999893e+03 1.702343000000000075e+03 1.701632000000000062e+03 1.700819999999999936e+03 1.700134000000000015e+03 1.700034000000000106e+03 1.699361000000000104e+03 1.698675999999999931e+03 1.697941000000000031e+03 1.697240000000000009e+03 1.696515000000000100e+03 1.695935999999999922e+03 1.695153000000000020e+03 1.694365999999999985e+03 1.693688000000000102e+03 1.693036000000000058e+03 1.692336999999999989e+03 1.691638999999999896e+03 1.690940000000000055e+03 1.690176999999999907e+03 1.689276000000000067e+03 1.688374000000000024e+03 1.687686999999999898e+03 1.686603000000000065e+03
1.703465999999999894e+03 1.703685999999999922e+03 1.703890000000000100e+03 1.704065000000000055e+03 1.704189000000000078e+03 1.704255000000000109e+03 1.704210000000000036e+03 1.704132000000000062e+03 1.703971999999999980e+03 1.703711999999999989e+03 1.703536000000000058e+03 1.703355000000000018e+03 1.702989000000000033e+03 1.702623000000000047e+03 1.702213999999999942e+03 1.701451000000000022e+03 1.700623000000000047e+03 1.700029999999999973e+03 1.699821999999999889e+03 1.699307000000000016e+03 1.698547000000000025e+03 1.697786000000000058e+03 1.697099999999999909e+03 1.696450000000000045e+03 1.695748000000000047e+03 1.695048000000000002e+03 1.694277000000000044e+03 1.693596000000000004e+03 1.692923000000000002e+03 1.692224999999999909e+03 1.691528999999999996e+03 1.690834000000000060e+03 1.690009000000000015e+03 1.689144999999999982e+03 1.688242999999999938e+03 1.687858999999999924e+03 1.686787000000000035e+03
1.702963999999999942e+03 1.703201000000000022e+03 1.703362000000000080e+03 1.703505000000000109e+03 1.703686999999999898e+03 1.703765000000000100e+03 1.703786000000000058e+03 1.703756000000000085e+03 1.703704999999999927e+03 1.703516000000000076e+03 1.703294000000000096e+03 1.703180000000000064e+03 1.703029999999999973e+03 1.702664999999999964e+03 1.702001999999999953e+03 1.701289999999999964e+03 1.700538000000000011e+03 1.699872000000000071e+03 1.699623000000000047e+03 1.699210000000000036e+03 1.698432999999999993e+03 1.697632000000000062e+03 1.696961999999999989e+03 1.696353000000000065e+03 1.695601000000000113e+03 1.694940000000000055e+03 1.694191000000000031e+03 1.693516000000000076e+03 1.692815000000000055e+03 1.692119999999999891e+03 1.691424999999999955e+03 1.690673999999999978e+03 1.689826000000000022e+03 1.688979000000000042e+03 1.688338999999999942e+03 1.688127999999999929e+03 1.687104000000000042e+03
1.702509999999999991e+03 1.702676999999999907e+03 1.702827999999999975e+03 1.703049999999999955e+03 1.703175999999999931e+03 1.703266000000000076e+03 1.703334000000000060e+03 1.703488000000000056e+03 1.703363000000000056e+03 1.703220000000000027e+03 1.703040999999999940e+03 1.702968000000000075e+03 1.702924999999999955e+03 1.702503999999999905e+03 1.701790999999999940e+03 1.701077999999999975e+03 1.700365999999999985e+03 1.699682000000000016e+03 1.699401000000000067e+03 1.698969000000000051e+03 1.698413000000000011e+03 1.697713999999999942e+03 1.696980000000000018e+03 1.696256000000000085e+03 1.695673999999999978e+03 1.694926999999999907e+03 1.694085000000000036e+03 1.693433999999999969e+03 1.692724999999999909e+03 1.692016000000000076e+03 1.691320999999999913e+03 1.690490999999999985e+03 1.689643000000000029e+03 1.688862000000000080e+03 1.688189000000000078e+03 1.688038000000000011e+03 1.687478000000000065e+03
1.702000999999999976e+03 1.702269000000000005e+03 1.702527000000000044e+03 1.702599999999999909e+03 1.702634000000000015e+03 1.702759999999999991e+03 1.702857999999999947e+03 1.702990000000000009e+03 1.702935999999999922e+03 1.702808999999999969e+03 1.702659000000000106e+03 1.702461999999999989e+03 1.702413000000000011e+03 1.702325000000000045e+03 1.701672000000000025e+03 1.700954999999999927e+03 1.700240000000000009e+03 1.699529999999999973e+03 1.699259000000000015e+03 1.698846999999999980e+03 1.698259000000000015e+03 1.697490000000000009e+03 1.696755000000000109e+03 1.696028000000000020e+03 1.695364000000000033e+03 1.694673000000000002e+03 1.693976000000000113e+03 1.693324000000000069e+03 1.692631000000000085e+03 1.691912000000000035e+03 1.691155999999999949e+03 1.690343000000000075e+03 1.689569999999999936e+03 1.688797000000000025e+03 1.688022999999999911e+03 1.687867999999999938e+03 1.686939000000000078e+03
1.701646999999999935e+03 1.701765000000000100e+03 1.701862000000000080e+03 1.702108999999999924e+03 1.702188000000000102e+03 1.702395999999999958e+03 1.702480999999999995e+03 1.702540999999999940e+03 1.702544000000000096e+03 1.702457000000000107e+03 1.702342000000000098e+03 1.702230000000000018e+03 1.702134000000000015e+03 1.702050999999999931e+03 1.701548999999999978e+03 1.700828999999999951e+03 1.700099999999999909e+03 1.699500000000000000e+03 1.699059999999999945e+03 1.698625999999999976e+03 1.698078999999999951e+03 1.697309999999999945e+03 1.696540999999999940e+03 1.695800999999999931e+03 1.695173999999999978e+03 1.694608999999999924e+03 1.693863000000000056e+03 1.693210000000000036e+03 1.692558999999999969e+03 1.691898999999999887e+03 1.691050999999999931e+03 1.690278000000000020e+03 1.689505000000000109e+03 1.688730999999999995e+03 1.687958000000000084e+03 1.687626999999999953e+03 1.686398999999999887e+03
1.701057000000000016e+03 1.701125000000000000e+03 1.701279999999999973e+03 1.701483999999999924e+03 1.701712999999999965e+03 1.702020999999999958e+03 1.702032999999999902e+03 1.701999000000000024e+03 1.702064000000000078e+03 1.702074000000000069e+03 1.701960000000000036e+03 1.701861000000000104e+03 1.701903999999999996e+03 1.701865999999999985e+03 1.701250000000000000e+03 1.700574000000000069e+03 1.699917999999999893e+03 1.699390000000000100e+03 1.698938000000000102e+03 1.698491999999999962e+03 1.697871000000000095e+03 1.697181000000000040e+03 1.696412000000000035e+03 1.695664999999999964e+03 1.695088999999999942e+03 1.694438000000000102e+03 1.693749000000000024e+03 1.693084000000000060e+03 1.692519999999999982e+03 1.692131000000000085e+03 1.690823000000000093e+03 1.690106999999999971e+03 1.689390000000000100e+03 1.688665999999999940e+03 1.687892000000000053e+03 1.687086999999999989e+03 1.686835000000000036e+03
1.700413999999999987e+03 1.700663999999999987e+03 1.700814000000000078e+03 1.701034000000000106e+03 1.701190000000000055e+03 1.701590999999999894e+03 1.701484999999999900e+03 1.701462999999999965e+03 1.701626999999999953e+03 1.701864000000000033e+03 1.701583000000000084e+03 1.701420000000000073e+03 1.701541999999999916e+03 1.701648999999999887e+03 1.700942999999999984e+03 1.700252999999999929e+03 1.699419000000000096e+03 1.699240000000000009e+03 1.698853000000000065e+03 1.698178000000000111e+03 1.697615000000000009e+03 1.697054000000000087e+03 1.696326000000000022e+03 1.695612000000000080e+03 1.694901000000000067e+03 1.694259999999999991e+03 1.693631000000000085e+03 1.693044000000000096e+03 1.692421000000000049e+03 1.691779999999999973e+03 1.690858999999999924e+03 1.689853000000000065e+03 1.689136999999999944e+03 1.688421000000000049e+03 1.687859999999999900e+03 1.687717000000000098e+03 1.687469000000000051e+03
