Init_elev.asc
NCOLS 95 
NROWS 80 
xllcorner 429609.0 
yllcorner 4568204.0 
cellsize 1.0 
NODATA_value - 9999
[rows 34 to 50 of 80, columns 37 to 73 of 95]
1.686266000000000076e+03 1.684242999999999938e+03 1.683604000000000042e+03 1.682917999999999893e+03 1.682174999999999955e+03 1.681432000000000016e+03 1.680688000000000102e+03 1.679944999999999936e+03 1.679173000000000002e+03 1.678393000000000029e+03 1.677844000000000051e+03 1.677137999999999920e+03 1.676387999999999920e+03 1.675625000000000000e+03 1.674578999999999951e+03 1.674000000000000000e+03 1.673484999999999900e+03 1.672876999999999953e+03 1.672190000000000055e+03 1.671153000000000020e+03 1.670241999999999962e+03 1.669666999999999916e+03 1.668946999999999889e+03 1.668384000000000015e+03 1.667748000000000047e+03 1.667073000000000093e+03 1.666030999999999949e+03 1.665020999999999958e+03 1.664288999999999987e+03 1.663738000000000056e+03 1.663382000000000062e+03 1.662165999999999940e+03 1.661059999999999945e+03 1.660260999999999967e+03 1.659897999999999911e+03 1.659354000000000042e+03 1.658462999999999965e+03
1.685865000000000009e+03 1.684155999999999949e+03 1.683518000000000029e+03 1.682852000000000089e+03 1.682108999999999924e+03 1.681365999999999985e+03 1.680622000000000071e+03 1.679875999999999976e+03 1.679395999999999958e+03 1.679116999999999962e+03 1.678090999999999894e+03 1.676848999999999933e+03 1.675942000000000007e+03 1.675163999999999987e+03 1.674644999999999982e+03 1.674151000000000067e+03 1.673583000000000084e+03 1.672775000000000091e+03 1.671967000000000098e+03 1.671513999999999896e+03 1.670962999999999965e+03 1.669948000000000093e+03 1.669031999999999925e+03 1.668587999999999965e+03 1.667901000000000067e+03 1.667054000000000087e+03 1.666000999999999976e+03 1.665001999999999953e+03 1.664276000000000067e+03 1.663692999999999984e+03 1.663049999999999955e+03 1.662056000000000040e+03 1.660977000000000089e+03 1.660326999999999998e+03 1.659915999999999940e+03 1.659107999999999947e+03 1.658286000000000058e+03
1.686121000000000095e+03 1.684069999999999936e+03 1.683432000000000016e+03 1.682787000000000035e+03 1.682041999999999916e+03 1.681296000000000049e+03 1.680549999999999955e+03 1.679768000000000029e+03 1.679272999999999911e+03 1.678579999999999927e+03 1.678200000000000045e+03 1.677522999999999911e+03 1.676420000000000073e+03 1.675320999999999913e+03 1.674722999999999956e+03 1.674073000000000093e+03 1.673296000000000049e+03 1.672248000000000047e+03 1.671487000000000080e+03 1.671151000000000067e+03 1.670814000000000078e+03 1.670133000000000038e+03 1.669038999999999987e+03 1.668057000000000016e+03 1.667708000000000084e+03 1.667317000000000007e+03 1.666144999999999982e+03 1.665105999999999995e+03 1.664270999999999958e+03 1.663731999999999971e+03 1.663340999999999894e+03 1.661944999999999936e+03 1.660810999999999922e+03 1.660388999999999896e+03 1.659866999999999962e+03 1.659105000000000018e+03 1.658282999999999902e+03
1.686522999999999911e+03 1.684378999999999905e+03 1.683452999999999975e+03 1.682773999999999887e+03 1.681858999999999924e+03 1.681223999999999933e+03 1.680478000000000065e+03 1.679637999999999920e+03 1.678922000000000025e+03 1.678506000000000085e+03 1.678084000000000060e+03 1.676872000000000071e+03 1.675855999999999995e+03 1.675522999999999911e+03 1.674662000000000035e+03 1.673875999999999976e+03 1.673047000000000025e+03 1.672240999999999985e+03 1.671387999999999920e+03 1.670791999999999916e+03 1.670670000000000073e+03 1.670630000000000109e+03 1.669471000000000004e+03 1.668393000000000029e+03 1.667415999999999940e+03 1.666597999999999956e+03 1.665877999999999929e+03 1.665183999999999969e+03 1.664415999999999940e+03 1.663875999999999976e+03 1.663621000000000095e+03 1.661852000000000089e+03 1.660897999999999911e+03 1.660313000000000102e+03 1.659830999999999904e+03 1.659126999999999953e+03 1.658355999999999995e+03
1.685875000000000000e+03 1.685184999999999945e+03 1.683500999999999976e+03 1.682788000000000011e+03 1.681699000000000069e+03 1.680941000000000031e+03 1.680337999999999965e+03 1.679579999999999927e+03 1.678990999999999985e+03 1.678663000000000011e+03 1.678131000000000085e+03 1.676932999999999993e+03 1.676228000000000065e+03 1.675740000000000009e+03 1.674817999999999984e+03 1.673792999999999893e+03 1.673337999999999965e+03 1.672648999999999887e+03 1.671742999999999938e+03 1.670616999999999962e+03 1.670326999999999998e+03 1.670376999999999953e+03 1.669691000000000031e+03 1.668509999999999991e+03 1.667393000000000029e+03 1.666680000000000064e+03 1.665911000000000058e+03 1.665414999999999964e+03 1.664627999999999929e+03 1.664116999999999962e+03 1.663743999999999915e+03 1.661971999999999980e+03 1.661016000000000076e+03 1.660381000000000085e+03 1.659896999999999935e+03 1.659230000000000018e+03 1.658586000000000013e+03
1.685730999999999995e+03 1.684788999999999987e+03 1.683847999999999956e+03 1.682801999999999907e+03 1.681613000000000056e+03 1.681013999999999896e+03 1.680416999999999916e+03 1.679827999999999975e+03 1.679239000000000033e+03 1.678752999999999929e+03 1.678192000000000007e+03 1.677269999999999982e+03 1.676587999999999965e+03 1.675483999999999924e+03 1.674575000000000045e+03 1.673596999999999980e+03 1.673028000000000020e+03 1.672554000000000087e+03 1.671444999999999936e+03 1.670588999999999942e+03 1.670061999999999898e+03 1.669701000000000022e+03 1.669089999999999918e+03 1.668310999999999922e+03 1.667338999999999942e+03 1.666682999999999993e+03 1.665874000000000024e+03 1.665299999999999955e+03 1.664663999999999987e+03 1.663910000000000082e+03 1.662957000000000107e+03 1.661707000000000107e+03 1.660765000000000100e+03 1.660517000000000053e+03 1.659920000000000073e+03 1.659292999999999893e+03 1.658638999999999896e+03
1.685586999999999989e+03 1.684644000000000005e+03 1.683701999999999998e+03 1.682951999999999998e+03 1.681461999999999989e+03 1.681112000000000080e+03 1.680612000000000080e+03 1.679986000000000104e+03 1.679359999999999900e+03 1.678632000000000062e+03 1.678311999999999898e+03 1.677287000000000035e+03 1.676134999999999991e+03 1.675325000000000045e+03 1.674407999999999902e+03 1.673372000000000071e+03 1.672671000000000049e+03 1.672180000000000064e+03 1.671493999999999915e+03 1.670605999999999995e+03 1.670042999999999893e+03 1.669231999999999971e+03 1.668532999999999902e+03 1.667835000000000036e+03 1.667167999999999893e+03 1.666509000000000015e+03 1.665781999999999925e+03 1.665015000000000100e+03 1.664299999999999955e+03 1.663463999999999942e+03 1.662476000000000113e+03 1.661570999999999913e+03 1.660778999999999996e+03 1.660395999999999958e+03 1.659701999999999998e+03 1.658979000000000042e+03 1.658329999999999927e+03
1.685442999999999984e+03 1.684540999999999940e+03 1.683798000000000002e+03 1.683055000000000064e+03 1.681659000000000106e+03 1.681229000000000042e+03 1.680717000000000098e+03 1.680084000000000060e+03 1.679393000000000029e+03 1.678645999999999958e+03 1.677990000000000009e+03 1.677041999999999916e+03 1.675948000000000093e+03 1.675287000000000035e+03 1.674671000000000049e+03 1.673345000000000027e+03 1.672608999999999924e+03 1.671916999999999916e+03 1.671229000000000042e+03 1.670585000000000036e+03 1.669960000000000036e+03 1.669155999999999949e+03 1.668317999999999984e+03 1.667673999999999978e+03 1.667060999999999922e+03 1.666404999999999973e+03 1.665670000000000073e+03 1.664858999999999924e+03 1.664211999999999989e+03 1.663215999999999894e+03 1.662353000000000065e+03 1.661570999999999913e+03 1.660875000000000000e+03 1.660359999999999900e+03 1.659634000000000015e+03 1.658829999999999927e+03 1.658076999999999998e+03
1.685386999999999944e+03 1.684644000000000005e+03 1.683901000000000067e+03 1.683157999999999902e+03 1.682321999999999889e+03 1.681272999999999911e+03 1.680851000000000113e+03 1.680162000000000035e+03 1.679424999999999955e+03 1.678728000000000065e+03 1.677969000000000051e+03 1.676970000000000027e+03 1.675887999999999920e+03 1.674931000000000040e+03 1.674094000000000051e+03 1.673319999999999936e+03 1.672549999999999955e+03 1.671948000000000093e+03 1.671400000000000091e+03 1.670602000000000089e+03 1.669835000000000036e+03 1.669017000000000053e+03 1.668300999999999931e+03 1.667653000000000020e+03 1.666969000000000051e+03 1.666305000000000064e+03 1.665570999999999913e+03 1.664681000000000040e+03 1.663932999999999993e+03 1.663200000000000045e+03 1.662386999999999944e+03 1.661423999999999978e+03 1.660809999999999945e+03 1.660461999999999989e+03 1.659604000000000042e+03 1.658846000000000004e+03 1.658067999999999984e+03
1.685490000000000009e+03 1.684713999999999942e+03 1.683885999999999967e+03 1.683057999999999993e+03 1.681951000000000022e+03 1.681231999999999971e+03 1.680616999999999962e+03 1.679932000000000016e+03 1.679392000000000053e+03 1.678702999999999975e+03 1.677855999999999995e+03 1.676984999999999900e+03 1.675743999999999915e+03 1.674840999999999894e+03 1.674046000000000049e+03 1.673250000000000000e+03 1.672531999999999925e+03 1.671883000000000038e+03 1.671366999999999962e+03 1.670563000000000102e+03 1.669702999999999975e+03 1.668990000000000009e+03 1.668626999999999953e+03 1.667769999999999982e+03 1.667071999999999889e+03 1.666262999999999920e+03 1.665525000000000091e+03 1.664663000000000011e+03 1.664198000000000093e+03 1.663321999999999889e+03 1.662195999999999913e+03 1.661295000000000073e+03 1.660773999999999887e+03 1.660421000000000049e+03 1.659538999999999987e+03 1.658987000000000080e+03 1.658454999999999927e+03
1.685382000000000062e+03 1.684554000000000087e+03 1.683726000000000113e+03 1.682897999999999911e+03 1.682037000000000035e+03 1.681055000000000064e+03 1.680263999999999896e+03 1.679471000000000004e+03 1.678823000000000093e+03 1.678193999999999960e+03 1.677519999999999982e+03 1.676673000000000002e+03 1.675599999999999909e+03 1.674747000000000071e+03 1.673957000000000107e+03 1.673231999999999971e+03 1.672536000000000058e+03 1.671847999999999956e+03 1.671203999999999951e+03 1.670363000000000056e+03 1.669648999999999887e+03 1.669230000000000018e+03 1.668911000000000058e+03 1.667946999999999889e+03 1.666940000000000055e+03 1.666080999999999904e+03 1.665398999999999887e+03 1.664703999999999951e+03 1.664016000000000076e+03 1.662830999999999904e+03 1.661933999999999969e+03 1.661250999999999976e+03 1.660723999999999933e+03 1.660308999999999969e+03 1.659942999999999984e+03 1.658518000000000029e+03 1.658076000000000022e+03
1.684945999999999913e+03 1.684109999999999900e+03 1.683272999999999911e+03 1.682443999999999960e+03 1.681586999999999989e+03 1.680769999999999982e+03 1.679950000000000045e+03 1.679146999999999935e+03 1.678435999999999922e+03 1.677691000000000031e+03 1.676944999999999936e+03 1.676198000000000093e+03 1.675455999999999904e+03 1.674667999999999893e+03 1.673920000000000073e+03 1.673387999999999920e+03 1.672601000000000113e+03 1.671933999999999969e+03 1.671253999999999905e+03 1.670278000000000020e+03 1.669538000000000011e+03 1.669480999999999995e+03 1.668430000000000064e+03 1.667378999999999905e+03 1.666728000000000065e+03 1.665946999999999889e+03 1.665242999999999938e+03 1.664554000000000087e+03 1.663801999999999907e+03 1.662792999999999893e+03 1.661930000000000064e+03 1.661212999999999965e+03 1.660632000000000062e+03 1.660098999999999933e+03 1.659933999999999969e+03 1.658538999999999987e+03 1.657811999999999898e+03
1.684464999999999918e+03 1.683628999999999905e+03 1.682801999999999907e+03 1.681994999999999891e+03 1.681131000000000085e+03 1.680505000000000109e+03 1.679667999999999893e+03 1.678916999999999916e+03 1.678280999999999949e+03 1.677536000000000058e+03 1.676790999999999940e+03 1.676046000000000049e+03 1.675311999999999898e+03 1.674675999999999931e+03 1.674048000000000002e+03 1.673410000000000082e+03 1.672550999999999931e+03 1.672174999999999955e+03 1.671195999999999913e+03 1.670214999999999918e+03 1.669832000000000107e+03 1.669214999999999918e+03 1.668457000000000107e+03 1.667496000000000095e+03 1.666670000000000073e+03 1.665862000000000080e+03 1.665143000000000029e+03 1.664391000000000076e+03 1.663578999999999951e+03 1.662612000000000080e+03 1.661799999999999955e+03 1.660969000000000051e+03 1.660518000000000029e+03 1.660057999999999993e+03 1.659299999999999955e+03 1.658527000000000044e+03 1.657785000000000082e+03
1.683979000000000042e+03 1.683173999999999978e+03 1.682365999999999985e+03 1.681561999999999898e+03 1.680865999999999985e+03 1.680239000000000033e+03 1.679453999999999951e+03 1.678777000000000044e+03 1.678125999999999976e+03 1.677381000000000085e+03 1.676645999999999958e+03 1.675993999999999915e+03 1.675300999999999931e+03 1.674627999999999929e+03 1.673808999999999969e+03 1.673141000000000076e+03 1.672486000000000104e+03 1.671727000000000089e+03 1.670969000000000051e+03 1.670231999999999971e+03 1.669519000000000005e+03 1.668890000000000100e+03 1.668209000000000060e+03 1.667403999999999996e+03 1.666568999999999960e+03 1.665776000000000067e+03 1.665051999999999907e+03 1.664220000000000027e+03 1.663286000000000058e+03 1.662450000000000045e+03 1.661660000000000082e+03 1.660873000000000047e+03 1.660426999999999907e+03 1.660064000000000078e+03 1.659265000000000100e+03 1.658467000000000098e+03 1.657670000000000073e+03
1.684045000000000073e+03 1.683028000000000020e+03 1.682037000000000035e+03 1.681478000000000065e+03 1.680770999999999958e+03 1.680046000000000049e+03 1.679367999999999938e+03 1.678686999999999898e+03 1.678013999999999896e+03 1.677362000000000080e+03 1.676710000000000036e+03 1.675933999999999969e+03 1.675352000000000089e+03 1.674608999999999924e+03 1.673656999999999925e+03 1.672902000000000044e+03 1.672266000000000076e+03 1.671531999999999925e+03 1.670801999999999907e+03 1.670051999999999907e+03 1.669288000000000011e+03 1.668651000000000067e+03 1.668020999999999958e+03 1.667276000000000067e+03 1.666449000000000069e+03 1.665674999999999955e+03 1.664867999999999938e+03 1.664016000000000076e+03 1.663192000000000007e+03 1.662383000000000038e+03 1.661469000000000051e+03 1.660736000000000104e+03 1.660291999999999916e+03 1.659948000000000093e+03 1.659496000000000095e+03 1.658638999999999896e+03 1.657689000000000078e+03
1.683940000000000055e+03 1.682915999999999940e+03 1.681951999999999998e+03 1.681541999999999916e+03 1.680842000000000098e+03 1.680073000000000093e+03 1.679292999999999893e+03 1.678571999999999889e+03 1.677973999999999933e+03 1.677424999999999955e+03 1.676480999999999995e+03 1.676084000000000060e+03 1.675403000000000020e+03 1.674530999999999949e+03 1.673682999999999993e+03 1.672862000000000080e+03 1.672247000000000071e+03 1.671519000000000005e+03 1.670759000000000015e+03 1.669980999999999995e+03 1.669232999999999947e+03 1.668444999999999936e+03 1.667804000000000087e+03 1.667121000000000095e+03 1.666396999999999935e+03 1.665631000000000085e+03 1.664741999999999962e+03 1.663978000000000065e+03 1.663201000000000022e+03 1.662357999999999947e+03 1.661336000000000013e+03 1.660542999999999893e+03 1.660184999999999945e+03 1.659771999999999935e+03 1.659342000000000098e+03 1.658955999999999904e+03 1.657624000000000024e+03
1.683746000000000095e+03 1.682796000000000049e+03 1.681871000000000095e+03 1.681316000000000031e+03 1.680842000000000098e+03 1.680201999999999998e+03 1.679432000000000016e+03 1.678570999999999913e+03 1.677788999999999987e+03 1.677127999999999929e+03 1.676500000000000000e+03 1.676234999999999900e+03 1.675328999999999951e+03 1.674397999999999911e+03 1.673611000000000104e+03 1.672820999999999913e+03 1.672224999999999909e+03 1.671594000000000051e+03 1.670885999999999967e+03 1.669979000000000042e+03 1.669112000000000080e+03 1.668243999999999915e+03 1.667604000000000042e+03 1.666921000000000049e+03 1.666176999999999907e+03 1.665358999999999924e+03 1.664540999999999940e+03 1.663815000000000055e+03 1.663108999999999924e+03 1.662173000000000002e+03 1.661392000000000053e+03 1.660737000000000080e+03 1.660201000000000022e+03 1.659451000000000022e+03 1.658921000000000049e+03 1.658300999999999931e+03 1.657271999999999935e+03
