Init_elev.asc
NCOLS 95 
NROWS 80 
xllcorner 429609.0 
yllcorner 4568204.0 
cellsize 1.0 
NODATA_value - 9999
[rows 34 to 50 of 80, columns 0 to 36 of 95]
1.700030999999999949e+03 1.700213999999999942e+03 1.700386999999999944e+03 1.700689000000000078e+03 1.700761999999999944e+03 1.700904999999999973e+03 1.700878999999999905e+03 1.700977000000000089e+03 1.701066000000000031e+03 1.701112000000000080e+03 1.701128999999999905e+03 1.700988000000000056e+03 1.701054000000000087e+03 1.701204999999999927e+03 1.700589999999999918e+03 1.699928000000000111e+03 1.699311999999999898e+03 1.699035000000000082e+03 1.698682999999999993e+03 1.698147999999999911e+03 1.697594000000000051e+03 1.696964999999999918e+03 1.696186999999999898e+03 1.695462999999999965e+03 1.694751999999999953e+03 1.694142000000000053e+03 1.693509000000000015e+03 1.692893000000000029e+03 1.692319999999999936e+03 1.691519000000000005e+03 1.690577999999999975e+03 1.689664999999999964e+03 1.689094000000000051e+03 1.688584000000000060e+03 1.688096000000000004e+03 1.688217000000000098e+03 1.688103000000000065e+03
1.699680000000000064e+03 1.699740999999999985e+03 1.699815000000000055e+03 1.700046000000000049e+03 1.700226000000000113e+03 1.700324000000000069e+03 1.700430000000000064e+03 1.700512999999999920e+03 1.700662000000000035e+03 1.700849999999999909e+03 1.700770999999999958e+03 1.700680000000000064e+03 1.700604000000000042e+03 1.700559999999999945e+03 1.700356999999999971e+03 1.699605999999999995e+03 1.698970000000000027e+03 1.698800999999999931e+03 1.698414999999999964e+03 1.697948000000000093e+03 1.697535000000000082e+03 1.697058999999999969e+03 1.696107999999999947e+03 1.695162000000000035e+03 1.694527000000000044e+03 1.694010999999999967e+03 1.693367999999999938e+03 1.692738000000000056e+03 1.692078999999999951e+03 1.691376999999999953e+03 1.690435999999999922e+03 1.689709000000000060e+03 1.689308999999999969e+03 1.688798999999999978e+03 1.688501999999999953e+03 1.688623000000000047e+03 1.688483999999999924e+03
1.698925999999999931e+03 1.699237000000000080e+03 1.699358999999999924e+03 1.699613000000000056e+03 1.699743999999999915e+03 1.699875000000000000e+03 1.700009999999999991e+03 1.700104000000000042e+03 1.700486000000000104e+03 1.700411000000000058e+03 1.700281999999999925e+03 1.700221000000000004e+03 1.700198000000000093e+03 1.700124000000000024e+03 1.699807999999999993e+03 1.699164999999999964e+03 1.698731999999999971e+03 1.698525000000000091e+03 1.698192999999999984e+03 1.697789999999999964e+03 1.697410000000000082e+03 1.696796000000000049e+03 1.696021999999999935e+03 1.695248000000000047e+03 1.694423000000000002e+03 1.693920000000000073e+03 1.693246000000000095e+03 1.692544000000000096e+03 1.691836999999999989e+03 1.691178000000000111e+03 1.690303000000000111e+03 1.689417999999999893e+03 1.689102000000000089e+03 1.689013999999999896e+03 1.688907999999999902e+03 1.688604000000000042e+03 1.688107999999999947e+03
1.698345000000000027e+03 1.698601000000000113e+03 1.698883000000000038e+03 1.699125000000000000e+03 1.699250000000000000e+03 1.699351000000000113e+03 1.699509999999999991e+03 1.699840999999999894e+03 1.699977000000000089e+03 1.699936999999999898e+03 1.699797000000000025e+03 1.699742999999999938e+03 1.699775000000000091e+03 1.699587999999999965e+03 1.699243999999999915e+03 1.698950000000000045e+03 1.698767000000000053e+03 1.698414999999999964e+03 1.697973999999999933e+03 1.697576999999999998e+03 1.697156999999999925e+03 1.696465999999999894e+03 1.695692000000000007e+03 1.694917999999999893e+03 1.694300999999999931e+03 1.693859999999999900e+03 1.693290999999999940e+03 1.692751999999999953e+03 1.691907999999999902e+03 1.691063000000000102e+03 1.690209000000000060e+03 1.689329999999999927e+03 1.688717000000000098e+03 1.688728000000000065e+03 1.688211000000000013e+03 1.687701000000000022e+03 1.687204999999999927e+03
1.697757000000000062e+03 1.698099999999999909e+03 1.698384999999999991e+03 1.698525000000000091e+03 1.698650000000000091e+03 1.698844000000000051e+03 1.699055000000000064e+03 1.699268000000000029e+03 1.699303000000000111e+03 1.699286000000000058e+03 1.699290999999999940e+03 1.699316000000000031e+03 1.699352000000000089e+03 1.699108999999999924e+03 1.698790999999999940e+03 1.698561999999999898e+03 1.698482999999999947e+03 1.698134999999999991e+03 1.697715999999999894e+03 1.697346999999999980e+03 1.696886999999999944e+03 1.696135999999999967e+03 1.695362000000000080e+03 1.694732999999999947e+03 1.694172000000000025e+03 1.693709000000000060e+03 1.693192999999999984e+03 1.692586999999999989e+03 1.692027000000000044e+03 1.691136999999999944e+03 1.690176999999999907e+03 1.689321999999999889e+03 1.688535000000000082e+03 1.687982999999999947e+03 1.687541999999999916e+03 1.687101000000000113e+03 1.686689000000000078e+03
1.697167999999999893e+03 1.697442000000000007e+03 1.697703999999999951e+03 1.697922000000000025e+03 1.698122000000000071e+03 1.698307999999999993e+03 1.698493999999999915e+03 1.698708000000000084e+03 1.698833000000000084e+03 1.698853000000000065e+03 1.698876999999999953e+03 1.698902000000000044e+03 1.698933999999999969e+03 1.698673999999999978e+03 1.698424999999999955e+03 1.698498000000000047e+03 1.698200000000000045e+03 1.697788000000000011e+03 1.697459000000000060e+03 1.697094000000000051e+03 1.696579999999999927e+03 1.695805000000000064e+03 1.695164999999999964e+03 1.694604000000000042e+03 1.694042999999999893e+03 1.693501999999999953e+03 1.692911000000000058e+03 1.692305000000000064e+03 1.691888999999999896e+03 1.691133000000000038e+03 1.690201000000000022e+03 1.689240999999999985e+03 1.688420000000000073e+03 1.687898999999999887e+03 1.687458000000000084e+03 1.687077999999999975e+03 1.686673000000000002e+03
1.697096999999999980e+03 1.697200000000000045e+03 1.697251999999999953e+03 1.697517000000000053e+03 1.697628999999999905e+03 1.697756000000000085e+03 1.697941000000000031e+03 1.698143000000000029e+03 1.698271999999999935e+03 1.698356999999999971e+03 1.698412000000000035e+03 1.698402000000000044e+03 1.698406999999999925e+03 1.698263999999999896e+03 1.698412000000000035e+03 1.698278999999999996e+03 1.697924999999999955e+03 1.697487000000000080e+03 1.697210000000000036e+03 1.696824000000000069e+03 1.696249000000000024e+03 1.695597999999999956e+03 1.695037000000000035e+03 1.694476000000000113e+03 1.693917999999999893e+03 1.693355999999999995e+03 1.692618999999999915e+03 1.692035000000000082e+03 1.691390000000000100e+03 1.690634000000000015e+03 1.689876999999999953e+03 1.689121000000000095e+03 1.688305000000000064e+03 1.687852000000000089e+03 1.687472999999999956e+03 1.687186999999999898e+03 1.686528999999999996e+03
1.696442999999999984e+03 1.696785000000000082e+03 1.696904999999999973e+03 1.697185999999999922e+03 1.697333000000000084e+03 1.697451999999999998e+03 1.697532999999999902e+03 1.697682999999999993e+03 1.697836999999999989e+03 1.697901000000000067e+03 1.697932000000000016e+03 1.697994999999999891e+03 1.698140000000000100e+03 1.698255000000000109e+03 1.698041999999999916e+03 1.697869999999999891e+03 1.697621000000000095e+03 1.697171000000000049e+03 1.696832000000000107e+03 1.696492999999999938e+03 1.696038999999999987e+03 1.695499000000000024e+03 1.694958000000000084e+03 1.694416999999999916e+03 1.693845000000000027e+03 1.693133000000000038e+03 1.692481999999999971e+03 1.691905999999999949e+03 1.691326999999999998e+03 1.690688000000000102e+03 1.689914999999999964e+03 1.689145999999999958e+03 1.688378999999999905e+03 1.687866999999999962e+03 1.687569999999999936e+03 1.687304000000000087e+03 1.686384999999999991e+03
1.695900000000000091e+03 1.696181000000000040e+03 1.696353000000000065e+03 1.696680000000000064e+03 1.696935999999999922e+03 1.697144999999999982e+03 1.697284000000000106e+03 1.697260999999999967e+03 1.697489000000000033e+03 1.697694999999999936e+03 1.697785000000000082e+03 1.697883000000000038e+03 1.697751999999999953e+03 1.697615000000000009e+03 1.697526000000000067e+03 1.697420000000000073e+03 1.697259000000000015e+03 1.696846000000000004e+03 1.696510999999999967e+03 1.696317999999999984e+03 1.695866999999999962e+03 1.695394000000000005e+03 1.694911000000000058e+03 1.694334000000000060e+03 1.693673000000000002e+03 1.693006000000000085e+03 1.692362000000000080e+03 1.691784000000000106e+03 1.691204999999999927e+03 1.690621000000000095e+03 1.690021999999999935e+03 1.689271999999999935e+03 1.688498000000000047e+03 1.687951999999999998e+03 1.687685999999999922e+03 1.687182999999999993e+03 1.686240999999999985e+03
1.695409000000000106e+03 1.695644999999999982e+03 1.695807999999999993e+03 1.696054000000000087e+03 1.696337999999999965e+03 1.696570999999999913e+03 1.696746000000000095e+03 1.696830999999999904e+03 1.697007000000000062e+03 1.697221999999999980e+03 1.697258000000000038e+03 1.697317999999999984e+03 1.697277000000000044e+03 1.697058999999999969e+03 1.696941000000000031e+03 1.696862000000000080e+03 1.696705999999999904e+03 1.696536000000000058e+03 1.696355000000000018e+03 1.696112000000000080e+03 1.695654999999999973e+03 1.695228000000000065e+03 1.694613000000000056e+03 1.693977000000000089e+03 1.693333000000000084e+03 1.692836999999999989e+03 1.692241999999999962e+03 1.691662000000000035e+03 1.691083000000000084e+03 1.690502999999999929e+03 1.689913000000000011e+03 1.689314000000000078e+03 1.688627999999999929e+03 1.688098999999999933e+03 1.687801999999999907e+03 1.687038999999999987e+03 1.686232999999999947e+03
1.694928000000000111e+03 1.695071999999999889e+03 1.695294000000000096e+03 1.695497000000000071e+03 1.695741999999999962e+03 1.695991999999999962e+03 1.696175999999999931e+03 1.696328999999999951e+03 1.696490999999999985e+03 1.696673000000000002e+03 1.696711999999999989e+03 1.696722999999999956e+03 1.696691000000000031e+03 1.696631000000000085e+03 1.696492999999999938e+03 1.696386999999999944e+03 1.696308999999999969e+03 1.696155999999999949e+03 1.696278000000000020e+03 1.695777000000000044e+03 1.695305000000000064e+03 1.694837999999999965e+03 1.694317000000000007e+03 1.693662000000000035e+03 1.693268000000000029e+03 1.692693999999999960e+03 1.692144000000000005e+03 1.691549999999999955e+03 1.690961000000000013e+03 1.690381000000000085e+03 1.689801999999999907e+03 1.689204999999999927e+03 1.688579999999999927e+03 1.688250000000000000e+03 1.687836999999999989e+03 1.687037000000000035e+03 1.686209000000000060e+03
1.694346000000000004e+03 1.694505000000000109e+03 1.694708000000000084e+03 1.694933999999999969e+03 1.695159000000000106e+03 1.695425999999999931e+03 1.695618999999999915e+03 1.695752999999999929e+03 1.695890000000000100e+03 1.696114000000000033e+03 1.696224999999999909e+03 1.696365999999999985e+03 1.696273999999999887e+03 1.696068999999999960e+03 1.696009000000000015e+03 1.695958000000000084e+03 1.695882000000000062e+03 1.695769999999999982e+03 1.695597999999999956e+03 1.695387999999999920e+03 1.694942000000000007e+03 1.694439000000000078e+03 1.693948000000000093e+03 1.693461000000000013e+03 1.693073000000000093e+03 1.692426999999999907e+03 1.691894000000000005e+03 1.691499000000000024e+03 1.690942999999999984e+03 1.690323000000000093e+03 1.689701999999999998e+03 1.689086999999999989e+03 1.688384000000000015e+03 1.687272999999999911e+03 1.686990999999999985e+03 1.686618999999999915e+03 1.685782999999999902e+03
1.693682000000000016e+03 1.693894000000000005e+03 1.694122000000000071e+03 1.694362000000000080e+03 1.694644999999999982e+03 1.694883000000000038e+03 1.695058999999999969e+03 1.695200000000000045e+03 1.695304000000000087e+03 1.695500999999999976e+03 1.695676999999999907e+03 1.695662000000000035e+03 1.695655999999999949e+03 1.695631000000000085e+03 1.695619999999999891e+03 1.695618999999999915e+03 1.695579999999999927e+03 1.695392000000000053e+03 1.695176999999999907e+03 1.694949000000000069e+03 1.694561999999999898e+03 1.694115000000000009e+03 1.693630000000000109e+03 1.693155999999999949e+03 1.692710000000000036e+03 1.692137999999999920e+03 1.691644999999999982e+03 1.691250000000000000e+03 1.690854000000000042e+03 1.690336999999999989e+03 1.689715999999999894e+03 1.688973999999999933e+03 1.688112000000000080e+03 1.687111000000000104e+03 1.686277000000000044e+03 1.685490999999999985e+03 1.685124000000000024e+03
1.693068999999999960e+03 1.693230999999999995e+03 1.693522999999999911e+03 1.693807000000000016e+03 1.694064000000000078e+03 1.694238000000000056e+03 1.694397999999999911e+03 1.694655999999999949e+03 1.694826999999999998e+03 1.694968000000000075e+03 1.695070999999999913e+03 1.695189000000000078e+03 1.695204999999999927e+03 1.695221000000000004e+03 1.695209000000000060e+03 1.695193999999999960e+03 1.695145999999999958e+03 1.695020999999999958e+03 1.694788000000000011e+03 1.694523999999999887e+03 1.694232999999999947e+03 1.693800999999999931e+03 1.693369999999999891e+03 1.692882000000000062e+03 1.692396999999999935e+03 1.691874000000000024e+03 1.691367999999999938e+03 1.690979000000000042e+03 1.690589999999999918e+03 1.690201000000000022e+03 1.689542999999999893e+03 1.688657999999999902e+03 1.687696999999999889e+03 1.686896999999999935e+03 1.686287000000000035e+03 1.685510999999999967e+03 1.684744999999999891e+03
1.692531999999999925e+03 1.692717000000000098e+03 1.692945999999999913e+03 1.693147999999999911e+03 1.693478000000000065e+03 1.693654999999999973e+03 1.693826999999999998e+03 1.694121000000000095e+03 1.694343000000000075e+03 1.694478000000000065e+03 1.694529999999999973e+03 1.694752999999999929e+03 1.694875000000000000e+03 1.694830999999999904e+03 1.694762999999999920e+03 1.694682999999999993e+03 1.694640000000000100e+03 1.694590999999999894e+03 1.694398999999999887e+03 1.694183999999999969e+03 1.693869999999999891e+03 1.693556000000000040e+03 1.693151000000000067e+03 1.692660000000000082e+03 1.692163999999999987e+03 1.691661000000000058e+03 1.691169000000000096e+03 1.690681000000000040e+03 1.690178000000000111e+03 1.689674999999999955e+03 1.689172000000000025e+03 1.688571999999999889e+03 1.687590999999999894e+03 1.686893000000000029e+03 1.686221000000000004e+03 1.685424999999999955e+03 1.684643000000000029e+03
1.692042999999999893e+03 1.692238000000000056e+03 1.692371000000000095e+03 1.692615000000000009e+03 1.692888999999999896e+03 1.693131000000000085e+03 1.693300999999999931e+03 1.693560999999999922e+03 1.693786000000000058e+03 1.693920000000000073e+03 1.693958000000000084e+03 1.694049999999999955e+03 1.694317999999999984e+03 1.694336999999999989e+03 1.694178000000000111e+03 1.694141000000000076e+03 1.694176999999999907e+03 1.694153000000000020e+03 1.694088999999999942e+03 1.693923999999999978e+03 1.693630000000000109e+03 1.693285000000000082e+03 1.692931000000000040e+03 1.692444999999999936e+03 1.691976000000000113e+03 1.691503999999999905e+03 1.691016000000000076e+03 1.690510999999999967e+03 1.690032999999999902e+03 1.689529999999999973e+03 1.689027000000000044e+03 1.688483999999999924e+03 1.687763999999999896e+03 1.686931000000000040e+03 1.686173000000000002e+03 1.685340999999999894e+03 1.684766000000000076e+03
1.691314000000000078e+03 1.691595000000000027e+03 1.691826000000000022e+03 1.692076999999999998e+03 1.692303000000000111e+03 1.692531999999999925e+03 1.692759999999999991e+03 1.692988000000000056e+03 1.693189000000000078e+03 1.693297000000000025e+03 1.693393000000000029e+03 1.693449000000000069e+03 1.693568999999999960e+03 1.693836000000000013e+03 1.693731999999999971e+03 1.693741999999999962e+03 1.693740999999999985e+03 1.693761999999999944e+03 1.693813000000000102e+03 1.693570999999999913e+03 1.693163999999999987e+03 1.692846000000000004e+03 1.692670000000000073e+03 1.692367999999999938e+03 1.691923000000000002e+03 1.691367999999999938e+03 1.690829999999999927e+03 1.690291999999999916e+03 1.689887999999999920e+03 1.689384999999999991e+03 1.688891000000000076e+03 1.688395999999999958e+03 1.687675999999999931e+03 1.686942000000000007e+03 1.686040999999999940e+03 1.685210000000000036e+03 1.684528000000000020e+03
