Init_elev.asc
NCOLS 95 
NROWS 80 
xllcorner 429609.0 
yllcorner 4568204.0 
cellsize 1.0 
NODATA_value - 9999
[rows 0 to 16 of 80, columns 0 to 36 of 95]
1.715145999999999958e+03 1.715558999999999969e+03 1.714701000000000022e+03 1.713894999999999982e+03 1.713162000000000035e+03 1.712521999999999935e+03 1.711825000000000045e+03 1.711269999999999982e+03 1.710743999999999915e+03 1.710164999999999964e+03 1.709586000000000013e+03 1.708904999999999973e+03 1.708200000000000045e+03 1.707241999999999962e+03 1.706201000000000022e+03 1.705161000000000058e+03 1.704490999999999985e+03 1.703647999999999911e+03 1.702654999999999973e+03 1.702153999999999996e+03 1.701630000000000109e+03 1.700962999999999965e+03 1.700252999999999929e+03 1.699534000000000106e+03 1.698791999999999916e+03 1.697955999999999904e+03 1.697121000000000095e+03 1.696401000000000067e+03 1.695855000000000018e+03 1.695144000000000005e+03 1.694261999999999944e+03 1.693405999999999949e+03 1.692429000000000087e+03 1.691686999999999898e+03 1.690933999999999969e+03 1.690165999999999940e+03 1.689288999999999987e+03
1.715229000000000042e+03 1.714968000000000075e+03 1.714286000000000058e+03 1.713468000000000075e+03 1.712808999999999969e+03 1.712231999999999971e+03 1.711672000000000025e+03 1.711121000000000095e+03 1.710538999999999987e+03 1.709839999999999918e+03 1.709336000000000013e+03 1.708809999999999945e+03 1.708096999999999980e+03 1.707058999999999969e+03 1.706019999999999982e+03 1.704980999999999995e+03 1.704476000000000113e+03 1.703720000000000027e+03 1.702298000000000002e+03 1.702102000000000089e+03 1.701501999999999953e+03 1.700676999999999907e+03 1.700044000000000096e+03 1.699394000000000005e+03 1.698662000000000035e+03 1.697826999999999998e+03 1.697220000000000027e+03 1.696457000000000107e+03 1.695693999999999960e+03 1.694892000000000053e+03 1.693942999999999984e+03 1.692994999999999891e+03 1.692147999999999911e+03 1.691345000000000027e+03 1.690586000000000013e+03 1.689819999999999936e+03 1.689142000000000053e+03
1.714567999999999984e+03 1.714323000000000093e+03 1.713818999999999960e+03 1.713153999999999996e+03 1.712646999999999935e+03 1.712109999999999900e+03 1.711523999999999887e+03 1.711042999999999893e+03 1.710440000000000055e+03 1.709573000000000093e+03 1.708980000000000018e+03 1.708536000000000058e+03 1.707893000000000029e+03 1.706864000000000033e+03 1.705845000000000027e+03 1.704826999999999998e+03 1.704184999999999945e+03 1.703242999999999938e+03 1.702314000000000078e+03 1.701960000000000036e+03 1.701393000000000029e+03 1.700393000000000029e+03 1.699758000000000038e+03 1.699125999999999976e+03 1.698554000000000087e+03 1.697736000000000104e+03 1.696972999999999956e+03 1.696210000000000036e+03 1.695446999999999889e+03 1.694638999999999896e+03 1.693691000000000031e+03 1.692796000000000049e+03 1.691929000000000087e+03 1.691115000000000009e+03 1.690339999999999918e+03 1.689645999999999958e+03 1.688986000000000104e+03
1.714107999999999947e+03 1.713768000000000029e+03 1.713400000000000091e+03 1.712895999999999958e+03 1.712393000000000029e+03 1.711888999999999896e+03 1.711359999999999900e+03 1.710886999999999944e+03 1.710355000000000018e+03 1.709523999999999887e+03 1.708690000000000055e+03 1.708114000000000033e+03 1.707635999999999967e+03 1.706674999999999955e+03 1.705694999999999936e+03 1.704723999999999933e+03 1.704080999999999904e+03 1.703286000000000058e+03 1.702496000000000095e+03 1.701834000000000060e+03 1.701124000000000024e+03 1.700259999999999991e+03 1.699565000000000055e+03 1.698989000000000033e+03 1.698444999999999936e+03 1.697877999999999929e+03 1.696858999999999924e+03 1.695962999999999965e+03 1.695200000000000045e+03 1.694386999999999944e+03 1.693471999999999980e+03 1.692597999999999956e+03 1.691723999999999933e+03 1.690909000000000106e+03 1.690192999999999984e+03 1.689465999999999894e+03 1.688739000000000033e+03
1.713800999999999931e+03 1.713618999999999915e+03 1.713162000000000035e+03 1.712630000000000109e+03 1.712144999999999982e+03 1.711641000000000076e+03 1.711132000000000062e+03 1.710608999999999924e+03 1.710114000000000033e+03 1.709428000000000111e+03 1.708521999999999935e+03 1.707972999999999956e+03 1.707336999999999989e+03 1.706161000000000058e+03 1.705243999999999915e+03 1.704621000000000095e+03 1.703861000000000104e+03 1.702954999999999927e+03 1.702324000000000069e+03 1.701684999999999945e+03 1.701118999999999915e+03 1.700269999999999982e+03 1.699507000000000062e+03 1.698903999999999996e+03 1.698336000000000013e+03 1.697769000000000005e+03 1.697163999999999987e+03 1.696112000000000080e+03 1.695059999999999945e+03 1.694147999999999911e+03 1.693279999999999973e+03 1.692430000000000064e+03 1.691578999999999951e+03 1.690826999999999998e+03 1.690144999999999982e+03 1.689351000000000113e+03 1.688544000000000096e+03
1.713521999999999935e+03 1.713425999999999931e+03 1.712932000000000016e+03 1.712317000000000007e+03 1.711852000000000089e+03 1.711393000000000029e+03 1.710880000000000109e+03 1.710377999999999929e+03 1.709836000000000013e+03 1.709246000000000095e+03 1.708327999999999975e+03 1.707701000000000022e+03 1.707037000000000035e+03 1.705938000000000102e+03 1.705131000000000085e+03 1.704511999999999944e+03 1.703602000000000089e+03 1.702605999999999995e+03 1.702150000000000091e+03 1.701824000000000069e+03 1.701145999999999958e+03 1.700344000000000051e+03 1.699507000000000062e+03 1.698771999999999935e+03 1.698217000000000098e+03 1.697660000000000082e+03 1.697093000000000075e+03 1.696416999999999916e+03 1.695826000000000022e+03 1.693951999999999998e+03 1.693166999999999916e+03 1.692372000000000071e+03 1.691548999999999978e+03 1.690788999999999987e+03 1.690040999999999940e+03 1.689234999999999900e+03 1.688425999999999931e+03
1.713200000000000045e+03 1.713057999999999993e+03 1.712689000000000078e+03 1.712096999999999980e+03 1.711539999999999964e+03 1.711141000000000076e+03 1.710608999999999924e+03 1.710092000000000098e+03 1.709604000000000042e+03 1.708865000000000009e+03 1.708090999999999894e+03 1.707400000000000091e+03 1.706736000000000104e+03 1.705800999999999931e+03 1.705016000000000076e+03 1.704310999999999922e+03 1.703432999999999993e+03 1.702596000000000004e+03 1.702153000000000020e+03 1.701648999999999887e+03 1.700858999999999924e+03 1.700068999999999960e+03 1.699345000000000027e+03 1.698675999999999931e+03 1.698172000000000025e+03 1.697596999999999980e+03 1.696924999999999955e+03 1.695771999999999935e+03 1.694438000000000102e+03 1.693752999999999929e+03 1.692912000000000035e+03 1.692154999999999973e+03 1.691387999999999920e+03 1.690634999999999991e+03 1.689920000000000073e+03 1.689111000000000104e+03 1.688310999999999922e+03
1.712814000000000078e+03 1.712723999999999933e+03 1.712688000000000102e+03 1.712169000000000096e+03 1.711484999999999900e+03 1.710892000000000053e+03 1.710353000000000065e+03 1.709820999999999913e+03 1.709383000000000038e+03 1.708571999999999889e+03 1.707894000000000005e+03 1.707211000000000013e+03 1.706492999999999938e+03 1.705709000000000060e+03 1.704885999999999967e+03 1.704028999999999996e+03 1.703185999999999922e+03 1.702343000000000075e+03 1.701986000000000104e+03 1.701419000000000096e+03 1.700713999999999942e+03 1.700019999999999982e+03 1.699325000000000045e+03 1.698623000000000047e+03 1.697935999999999922e+03 1.697262999999999920e+03 1.696694999999999936e+03 1.695385999999999967e+03 1.694535000000000082e+03 1.693849999999999909e+03 1.692796000000000049e+03 1.691976000000000113e+03 1.691214999999999918e+03 1.690391000000000076e+03 1.689723999999999933e+03 1.688988000000000056e+03 1.688218000000000075e+03
1.712298000000000002e+03 1.712515000000000100e+03 1.712087999999999965e+03 1.711625999999999976e+03 1.711163999999999987e+03 1.710664999999999964e+03 1.710086000000000013e+03 1.709553000000000111e+03 1.709127999999999929e+03 1.708753999999999905e+03 1.708008000000000038e+03 1.707058999999999969e+03 1.706299999999999955e+03 1.705535000000000082e+03 1.704756000000000085e+03 1.703906999999999925e+03 1.703055000000000064e+03 1.702203999999999951e+03 1.701911000000000058e+03 1.701213999999999942e+03 1.700442999999999984e+03 1.699734999999999900e+03 1.699038000000000011e+03 1.698326999999999998e+03 1.697624000000000024e+03 1.696906999999999925e+03 1.696393000000000029e+03 1.695502999999999929e+03 1.694696999999999889e+03 1.693876999999999953e+03 1.692689000000000078e+03 1.691826000000000022e+03 1.691040999999999940e+03 1.690227000000000089e+03 1.689483999999999924e+03 1.688787000000000035e+03 1.688076999999999998e+03
1.711792999999999893e+03 1.712001999999999953e+03 1.711443999999999960e+03 1.710981999999999971e+03 1.710614000000000033e+03 1.710307000000000016e+03 1.709875000000000000e+03 1.709355999999999995e+03 1.708971000000000004e+03 1.708480999999999995e+03 1.707787000000000035e+03 1.706891000000000076e+03 1.706241999999999962e+03 1.705422000000000025e+03 1.704576999999999998e+03 1.703752999999999929e+03 1.702925999999999931e+03 1.702084000000000060e+03 1.701806000000000040e+03 1.701380000000000109e+03 1.700500999999999976e+03 1.699621000000000095e+03 1.698804000000000087e+03 1.698145999999999958e+03 1.697626999999999953e+03 1.697051999999999907e+03 1.696040999999999940e+03 1.695522999999999911e+03 1.694631000000000085e+03 1.693641000000000076e+03 1.692582000000000107e+03 1.691701999999999998e+03 1.690903999999999996e+03 1.690142000000000053e+03 1.689398999999999887e+03 1.688654999999999973e+03 1.687912000000000035e+03
1.711326999999999998e+03 1.711234999999999900e+03 1.711003999999999905e+03 1.710707000000000107e+03 1.710397999999999911e+03 1.710076999999999998e+03 1.709642000000000053e+03 1.709131000000000085e+03 1.708711999999999989e+03 1.708380000000000109e+03 1.707648999999999887e+03 1.706749000000000024e+03 1.706085000000000036e+03 1.705202999999999975e+03 1.704378999999999905e+03 1.703555000000000064e+03 1.702771999999999935e+03 1.702019000000000005e+03 1.701647999999999911e+03 1.701401000000000067e+03 1.700867999999999938e+03 1.699928000000000111e+03 1.699119999999999891e+03 1.698196999999999889e+03 1.697311999999999898e+03 1.696584000000000060e+03 1.695846000000000004e+03 1.695108999999999924e+03 1.694176999999999907e+03 1.693192000000000007e+03 1.692359999999999900e+03 1.691582000000000107e+03 1.690798999999999978e+03 1.690056000000000040e+03 1.689308999999999969e+03 1.688549999999999955e+03 1.687789999999999964e+03
1.710834000000000060e+03 1.710847999999999956e+03 1.710800999999999931e+03 1.710490000000000009e+03 1.710169000000000096e+03 1.709847999999999956e+03 1.709410000000000082e+03 1.708913000000000011e+03 1.708366999999999962e+03 1.707837999999999965e+03 1.707276000000000067e+03 1.706681000000000040e+03 1.705859999999999900e+03 1.705019999999999982e+03 1.704234999999999900e+03 1.703446999999999889e+03 1.702659000000000106e+03 1.701872000000000071e+03 1.701555000000000064e+03 1.701082000000000107e+03 1.700507000000000062e+03 1.699925999999999931e+03 1.699099999999999909e+03 1.698068999999999960e+03 1.697284000000000106e+03 1.696362000000000080e+03 1.695439000000000078e+03 1.694616999999999962e+03 1.693750000000000000e+03 1.692987000000000080e+03 1.692222999999999956e+03 1.691459000000000060e+03 1.690699000000000069e+03 1.689940000000000055e+03 1.689180000000000064e+03 1.688421000000000049e+03 1.687661000000000058e+03
1.710395999999999958e+03 1.710311999999999898e+03 1.710256000000000085e+03 1.710146999999999935e+03 1.709923000000000002e+03 1.709617999999999938e+03 1.709190000000000055e+03 1.708698000000000093e+03 1.708125999999999976e+03 1.707555000000000064e+03 1.706998000000000047e+03 1.706237000000000080e+03 1.705586000000000013e+03 1.704983999999999924e+03 1.704112000000000080e+03 1.703317999999999984e+03 1.702522999999999911e+03 1.701757000000000062e+03 1.701467000000000098e+03 1.701009000000000015e+03 1.700393000000000029e+03 1.699708000000000084e+03 1.698817000000000007e+03 1.698084000000000060e+03 1.697261999999999944e+03 1.696338999999999942e+03 1.695415999999999940e+03 1.694496000000000095e+03 1.693656999999999925e+03 1.692894999999999982e+03 1.692135999999999967e+03 1.691375999999999976e+03 1.690795000000000073e+03 1.689941000000000031e+03 1.689086999999999989e+03 1.688291999999999916e+03 1.687531999999999925e+03
1.709981999999999971e+03 1.709932999999999993e+03 1.709986000000000104e+03 1.710035000000000082e+03 1.709627999999999929e+03 1.709436999999999898e+03 1.709105000000000018e+03 1.708545000000000073e+03 1.707936999999999898e+03 1.707336000000000013e+03 1.706707000000000107e+03 1.706064000000000078e+03 1.705442999999999984e+03 1.704931000000000040e+03 1.704138999999999896e+03 1.703218000000000075e+03 1.702429000000000087e+03 1.701818999999999960e+03 1.701395999999999958e+03 1.700843000000000075e+03 1.700146999999999935e+03 1.699461000000000013e+03 1.698799999999999955e+03 1.698159000000000106e+03 1.697239000000000033e+03 1.696317000000000007e+03 1.695396999999999935e+03 1.694478000000000065e+03 1.693606999999999971e+03 1.692821999999999889e+03 1.692055000000000064e+03 1.691295000000000073e+03 1.690744999999999891e+03 1.690135999999999967e+03 1.689281999999999925e+03 1.688426999999999907e+03 1.687573000000000093e+03
1.709550999999999931e+03 1.709553000000000111e+03 1.709632000000000062e+03 1.709659000000000106e+03 1.709318999999999960e+03 1.709457000000000107e+03 1.709163999999999987e+03 1.708546000000000049e+03 1.707929000000000087e+03 1.707311999999999898e+03 1.706605000000000018e+03 1.705897999999999911e+03 1.705317999999999984e+03 1.704806000000000040e+03 1.704214999999999918e+03 1.703270999999999958e+03 1.702298999999999978e+03 1.701635999999999967e+03 1.701407999999999902e+03 1.700733999999999924e+03 1.699994999999999891e+03 1.699364000000000033e+03 1.698843000000000075e+03 1.698138999999999896e+03 1.697219000000000051e+03 1.696298999999999978e+03 1.695380000000000109e+03 1.694460000000000036e+03 1.693557000000000016e+03 1.692771999999999935e+03 1.691988000000000056e+03 1.691213999999999942e+03 1.690622000000000071e+03 1.690173000000000002e+03 1.689476000000000113e+03 1.688622000000000071e+03 1.687631000000000085e+03
1.709077999999999975e+03 1.709130000000000109e+03 1.709241999999999962e+03 1.709209000000000060e+03 1.708960000000000036e+03 1.709083000000000084e+03 1.708871000000000095e+03 1.708344000000000051e+03 1.707693999999999960e+03 1.707042999999999893e+03 1.706398999999999887e+03 1.705731999999999971e+03 1.705192999999999984e+03 1.704674999999999955e+03 1.704002999999999929e+03 1.703248000000000047e+03 1.702333000000000084e+03 1.701460000000000036e+03 1.701267000000000053e+03 1.700721000000000004e+03 1.699932999999999993e+03 1.699173999999999978e+03 1.698626999999999953e+03 1.697968000000000075e+03 1.697167999999999893e+03 1.696280999999999949e+03 1.695362000000000080e+03 1.694442000000000007e+03 1.693521999999999935e+03 1.692721999999999980e+03 1.691936999999999898e+03 1.691153000000000020e+03 1.690500999999999976e+03 1.690049999999999955e+03 1.689601000000000113e+03 1.688720000000000027e+03 1.687657999999999902e+03
1.708616999999999962e+03 1.708710000000000036e+03 1.708731999999999971e+03 1.708648999999999887e+03 1.708601000000000113e+03 1.708512999999999920e+03 1.708234999999999900e+03 1.707721000000000004e+03 1.707205999999999904e+03 1.706692000000000007e+03 1.706103000000000065e+03 1.705583000000000084e+03 1.704968000000000075e+03 1.704295000000000073e+03 1.703623000000000047e+03 1.702950000000000045e+03 1.702156999999999925e+03 1.701429000000000087e+03 1.701166999999999916e+03 1.700670000000000073e+03 1.699857999999999947e+03 1.699020999999999958e+03 1.698320999999999913e+03 1.697661000000000058e+03 1.696861000000000104e+03 1.696059999999999945e+03 1.695259999999999991e+03 1.694423999999999978e+03 1.693503999999999905e+03 1.692672000000000025e+03 1.691875999999999976e+03 1.691048000000000002e+03 1.690395999999999958e+03 1.689943999999999960e+03 1.689444999999999936e+03 1.689141000000000076e+03 1.688188000000000102e+03
