trailelevations.asc
ncols         99
nrows         87
xllcorner     429609
yllcorner     4568204
cellsize      1
NODATA_value  -9999
[rows 56 to 83 of 87, columns 0 to 62 of 99]
-9999 1690.442 1690.727 1690.986 1691.28 1691.498 1691.642 1691.86 1692.081 1692.408 1692.557 1692.64 1692.769 1692.889 1693.065 1693.22 1693.319 1693.292 1693.281 1693.308 1693.325 1693.095 1692.704 1692.424 1692.171 1691.902 1691.55 1691.202 1690.645 1690.088 1689.733 1689.241 1688.756 1688.301 1687.588 1686.681 1685.764 1684.978 1684.204 1683.445 1682.673 1681.79 1681.123 1680.549 1680.052 1679.571 1678.504 1677.749 1676.995 1676.371 1675.901 1675.111 1674.234 1673.437 1672.773 1672.071 1671.327 1670.703 1669.92 1669.058 1668.362 1667.409 1666.722
-9999 1689.901 1690.195 1690.382 1690.679 1690.96 1691.163 1691.379 1691.68 1691.867 1692.004 1692.094 1692.253 1692.414 1692.568 1692.714 1692.818 1692.838 1692.801 1692.818 1692.837 1692.615 1692.334 1692.13 1691.829 1691.497 1691.168 1690.857 1690.457 1689.903 1689.514 1689.096 1688.621 1688.166 1687.445 1686.483 1685.532 1684.715 1683.991 1683.202 1682.414 1681.699 1681.027 1680.354 1679.68 1679.048 1678.423 1677.708 1676.96 1676.361 1675.902 1675.247 1674.052 1673.322 1672.615 1671.87 1671.126 1670.382 1669.636 1669.006 1668.61 1667.66 1666.571
-9999 1689.422 1689.609 1689.781 1690.09 1690.374 1690.579 1690.756 1691.051 1691.323 1691.483 1691.609 1691.789 1691.977 1692.11 1692.202 1692.306 1692.413 1692.465 1692.443 1692.407 1692.237 1692.043 1691.766 1691.44 1691.112 1690.801 1690.491 1690.18 1689.711 1689.295 1688.951 1688.487 1688.072 1687.179 1686.181 1685.273 1684.552 1683.811 1683.096 1682.431 1681.579 1680.909 1680.251 1679.577 1678.864 1678.21 1677.61 1676.819 1676.406 1676.274 1675.203 1673.87 1673.158 1672.414 1671.683 1670.962 1670.242 1669.479 1669.081 1668.357 1667.444 1666.481
-9999 1688.701 1688.993 1689.291 1689.557 1689.801 1690.009 1690.233 1690.479 1690.724 1690.939 1691.151 1691.365 1691.533 1691.723 1691.812 1691.891 1692.012 1692.143 1692.049 1691.937 1691.713 1691.491 1691.273 1691.054 1690.977 1690.769 1690.507 1690.002 1689.433 1689.104 1688.839 1688.507 1687.422 1686.504 1685.829 1685.146 1684.422 1683.796 1683.16 1682.376 1681.516 1680.758 1680.115 1679.475 1678.799 1678.22 1677.44 1676.674 1676.323 1675.855 1674.487 1673.756 1673.033 1672.312 1671.591 1670.871 1670.15 1669.361 1668.861 1668.388 1667.113 1666.422
-9999 1688.198 1688.445 1688.752 1689.009 1689.232 1689.476 1689.798 1690.02 1690.27 1690.449 1690.671 1690.916 1691.046 1691.3 1691.375 1691.533 1691.632 1691.772 1691.807 1691.535 1691.338 1691.245 1691.077 1690.852 1690.629 1690.696 1690.443 1689.73 1689.257 1688.946 1688.494 1688.041 1687.231 1686.517 1685.886 1685.235 1684.483 1683.86 1683.182 1682.322 1681.461 1680.659 1679.949 1679.32 1678.892 1678.194 1677.544 1676.99 1676.124 1675.108 1674.304 1673.675 1672.95 1672.226 1671.502 1670.779 1670.058 1669.242 1668.438 1667.889 1667.127 1666.759
-9999 1687.736 1687.945 1688.197 1688.42 1688.638 1689.019 1689.332 1689.765 1689.903 1690.038 1690.133 1690.345 1690.534 1690.784 1690.903 1691.009 1691.197 1691.248 1691.346 1691.118 1691.065 1691.024 1690.801 1690.583 1690.365 1690.134 1689.912 1689.252 1688.958 1688.487 1688.026 1687.574 1686.933 1686.193 1685.747 1685.382 1684.69 1683.924 1683.128 1682.267 1681.406 1680.56 1679.838 1679.197 1678.898 1678.246 1677.803 1677.352 1676.458 1674.925 1674.192 1673.605 1672.755 1672.009 1671.282 1670.555 1669.827 1669.031 1668.227 1667.575 1666.787 1666.599
-9999 1687.24 1687.297 1687.582 1687.811 1688.05 1688.486 1688.971 1688.995 1689.283 1689.532 1689.615 1689.777 1689.917 1690.118 1690.283 1690.418 1690.593 1690.602 1690.613 1690.626 1690.69 1690.595 1690.342 1690.124 1689.945 1689.63 1689.299 1688.96 1688.529 1688.058 1687.586 1687.115 1686.634 1685.953 1685.394 1685.106 1684.612 1683.783 1682.96 1682.145 1681.331 1680.491 1679.755 1679.236 1678.592 1677.87 1677.39 1676.903 1676.274 1675.27 1674.258 1673.568 1672.71 1671.858 1671.014 1670.173 1669.423 1668.764 1668.113 1667.463 1666.742 1665.823
-9999 1686.514 1686.655 1686.953 1687.217 1687.464 1687.838 1688.524 1688.489 1688.66 1688.941 1689.088 1689.213 1689.393 1689.58 1689.855 1690.003 1689.989 1690.002 1690.053 1690.08 1690.272 1690.166 1689.884 1689.756 1689.494 1689.224 1689.081 1688.699 1688.248 1687.797 1687.346 1686.887 1686.422 1685.799 1685.331 1684.931 1684.461 1683.519 1682.686 1681.867 1681.059 1680.391 1679.71 1678.995 1678.225 1677.544 1676.941 1676.454 1675.967 1674.984 1674.303 1673.531 1672.673 1671.816 1670.961 1670.251 1669.584 1668.892 1668.179 1667.465 1666.752 1666.059
-9999 1685.874 1686.16 1686.442 1686.697 1686.938 1687.327 1687.758 1687.786 1687.997 1688.278 1688.544 1688.68 1688.863 1689.015 1689.394 1689.61 1689.419 1689.556 1689.514 1689.48 1689.534 1689.555 1689.393 1689.302 1689.077 1688.921 1688.795 1688.481 1688.03 1687.579 1687.131 1686.687 1686.244 1685.775 1685.457 1684.94 1683.745 1683.094 1682.319 1681.605 1680.958 1680.337 1679.639 1678.813 1678.16 1677.458 1676.725 1676.005 1675.518 1674.699 1674.177 1673.482 1672.623 1671.764 1670.959 1670.546 1669.855 1669.166 1668.478 1667.776 1666.779 1665.822
-9999 1685.324 1685.615 1685.906 1686.21 1686.45 1686.735 1687.006 1687.174 1687.413 1687.712 1688.001 1688.147 1688.309 1688.416 1688.712 1688.918 1688.856 1688.998 1689.014 1689.015 1689.036 1689.049 1688.894 1688.732 1688.612 1688.402 1688.366 1688.282 1687.829 1687.385 1686.942 1686.498 1686.042 1685.736 1685.344 1684.649 1683.73 1682.844 1682.22 1681.517 1680.846 1680.219 1679.631 1678.829 1678.129 1677.377 1676.639 1675.907 1675.174 1674.513 1673.9 1673.324 1672.566 1671.707 1670.979 1670.512 1670.137 1669.437 1668.599 1667.751 1666.638 1665.654
-9999 1684.779 1685.071 1685.557 1685.811 1686.005 1686.222 1686.419 1686.622 1686.861 1687.189 1687.417 1687.595 1687.675 1687.77 1687.989 1688.212 1688.313 1688.312 1688.413 1688.52 1688.554 1688.526 1688.427 1688.269 1688.177 1688.041 1688.222 1688.083 1687.688 1687.244 1686.782 1686.32 1685.926 1685.622 1684.833 1684.158 1683.226 1682.611 1682.116 1681.576 1680.797 1680.33 1679.926 1678.989 1678.061 1677.298 1676.552 1675.82 1675.067 1674.294 1673.623 1673.047 1672.471 1671.699 1671 1670.377 1669.594 1668.811 1667.926 1667.543 1667.152 1665.815
-9999 1684.234 1684.739 1685.284 1685.54 1685.633 1685.677 1685.883 1686.066 1686.319 1686.567 1686.769 1686.984 1686.994 1687.183 1687.395 1687.56 1687.716 1687.852 1687.846 1687.951 1688.005 1688.032 1687.936 1687.813 1687.795 1687.765 1687.653 1687.555 1687.267 1686.932 1686.602 1686.175 1685.63 1685.058 1684.228 1683.616 1683.007 1682.387 1681.918 1681.503 1680.769 1680.51 1679.75 1678.713 1677.932 1677.201 1676.46 1675.689 1674.92 1674.313 1673.577 1672.853 1672.262 1671.259 1670.723 1670.316 1669.456 1668.582 1667.733 1667.379 1667 1666.065
-9999 1683.694 1683.992 1684.472 1684.734 1684.829 1685.022 1685.311 1685.539 1685.775 1685.993 1686.198 1686.444 1686.723 1686.597 1686.754 1686.918 1687.069 1687.22 1687.371 1687.419 1687.455 1687.478 1687.495 1687.468 1687.419 1687.356 1687.279 1687.1 1686.827 1686.49 1686.341 1686.128 1685.541 1684.782 1684.08 1683.502 1682.897 1682.29 1681.807 1681.557 1680.924 1680.272 1679.413 1678.53 1677.799 1677.077 1676.369 1675.63 1674.832 1674.152 1673.463 1672.768 1672.046 1671.18 1670.85 1670.366 1669.51 1668.653 1667.774 1667.191 1666.596 1665.502
-9999 1683.178 1683.477 1683.862 1684.051 1684.235 1684.466 1684.77 1685.02 1685.256 1685.518 1685.632 1685.809 1686.282 1686.382 1686.305 1686.34 1686.496 1686.649 1686.802 1686.888 1686.912 1686.983 1687.081 1687.183 1687.032 1686.972 1686.981 1686.708 1686.424 1686.117 1686.145 1685.759 1685.287 1684.75 1684.083 1683.47 1682.734 1682.123 1681.715 1681.326 1680.693 1679.988 1679.129 1678.402 1677.683 1676.964 1676.26 1675.566 1674.841 1674.257 1673.584 1672.679 1671.768 1671.582 1671.074 1670.421 1669.784 1668.469 1667.542 1666.743 1666.147 1665.386
-9999 1682.661 1683.09 1683.63 1683.721 1683.793 1683.96 1684.286 1684.509 1684.703 1684.991 1685.218 1685.242 1685.697 1685.994 1685.831 1685.88 1685.994 1686.107 1686.232 1686.382 1686.396 1686.45 1686.55 1686.639 1686.579 1686.471 1686.529 1686.341 1685.982 1685.819 1685.629 1685.158 1684.896 1684.628 1683.928 1683.233 1682.554 1682.012 1681.581 1681.127 1680.575 1679.759 1679.007 1678.288 1677.569 1676.85 1676.152 1675.5 1675.023 1674.448 1673.594 1672.822 1672.235 1671.636 1670.811 1669.9 1669.014 1668.216 1667.359 1666.612 1665.98 1665.275
-9999 1682.146 1682.516 1682.838 1683.066 1683.286 1683.539 1683.813 1684.213 1684.439 1684.705 1684.636 1684.85 1685.183 1685.398 1685.358 1685.423 1685.536 1685.641 1685.732 1685.871 1685.938 1686.028 1686.137 1686.165 1686.122 1686.039 1686.024 1685.983 1685.64 1685.49 1685.105 1684.69 1684.346 1684.13 1683.565 1682.921 1682.441 1682.193 1681.822 1681.016 1680.381 1679.727 1678.924 1678.176 1677.456 1676.737 1676.176 1675.62 1675.16 1674.356 1673.21 1672.572 1671.927 1671.303 1670.649 1669.748 1668.916 1668.114 1667.325 1667.101 1666.369 1665.249
-9999 1681.637 1681.942 1682.223 1682.452 1682.678 1682.929 1683.225 1683.639 1683.886 1683.846 1684.063 1684.336 1684.521 1684.803 1684.884 1684.965 1685.065 1685.156 1685.246 1685.373 1685.447 1685.508 1685.69 1685.674 1685.652 1685.666 1685.604 1685.584 1685.135 1685.057 1684.629 1684.272 1683.997 1683.644 1683.225 1682.849 1682.667 1682.294 1681.48 1680.675 1680.104 1679.618 1678.887 1678.096 1677.304 1676.607 1676.057 1675.677 1675.25 1674.305 1673.068 1672.359 1671.674 1671.015 1670.357 1669.546 1668.805 1668.337 1668.021 1667.705 1666.607 1665.341
-9999 1681.03 1681.324 1681.619 1681.792 1682.025 1682.483 1682.878 1682.777 1683.143 1683.26 1683.565 1683.772 1684.073 1684.231 1684.407 1684.489 1684.579 1684.67 1684.761 1684.868 1684.945 1685.044 1685.104 1685.06 1685.075 1685.153 1685.135 1684.856 1684.74 1684.63 1684.364 1684.055 1683.718 1683.337 1682.92 1682.613 1682.164 1681.857 1681.173 1680.333 1679.828 1679.342 1678.83 1677.803 1677.095 1676.611 1675.962 1675.41 1675.03 1674.167 1673.003 1672.354 1671.602 1670.89 1670.167 1669.467 1668.896 1668.423 1668.106 1667.502 1666.558 1665.471
-9999 1680.416 1680.69 1680.964 1681.275 1681.619 1682.005 1682.327 1682.272 1682.479 1682.766 1683.085 1683.461 1683.729 1683.888 1684.047 1684.135 1684.203 1684.249 1684.295 1684.34 1684.422 1684.522 1684.514 1684.566 1684.555 1684.515 1684.49 1684.427 1684.501 1684.345 1683.964 1684.053 1683.648 1683.182 1682.665 1682.266 1681.94 1681.529 1681.025 1680.202 1679.665 1679.208 1678.434 1677.553 1677.095 1676.524 1675.875 1675.226 1674.764 1673.893 1673.067 1672.36 1671.542 1670.791 1670.194 1669.622 1669.051 1668.508 1668.119 1667.284 1666.389 1665.411
-9999 1679.962 1680.236 1680.512 1680.766 1681.042 1681.334 1681.616 1681.729 1681.953 1682.332 1682.757 1683.218 1683.385 1683.526 1683.514 1683.597 1683.67 1683.715 1683.716 1683.744 1683.845 1684.035 1684.289 1684.11 1684.003 1683.966 1683.977 1683.994 1683.865 1683.711 1683.51 1683.215 1682.914 1682.592 1682.325 1681.974 1681.592 1681.104 1680.628 1680.161 1679.555 1678.827 1678.048 1677.341 1676.854 1676.3 1675.699 1675.099 1674.507 1674.02 1673.199 1672.067 1671.511 1670.946 1670.374 1669.794 1669.213 1668.635 1667.873 1666.917 1666.264 1665.475
-9999 1679.508 1679.782 1680.061 1680.341 1680.55 1680.74 1681.039 1681.173 1681.506 1681.853 1682.478 1682.881 1682.906 1682.894 1682.883 1682.95 1683.09 1683.136 1683.102 1683.149 1683.257 1683.385 1683.575 1683.66 1683.509 1683.538 1683.608 1683.677 1683.506 1683.272 1683.106 1682.836 1682.622 1682.317 1681.994 1681.705 1681.275 1680.821 1680.345 1679.913 1679.483 1678.686 1677.901 1677.161 1676.683 1676.344 1675.744 1675.28 1674.572 1673.742 1672.518 1672.024 1671.633 1671.124 1670.558 1669.977 1669.268 1668.074 1667.301 1666.673 1666.045 1665.386
-9999 1679.054 1679.33 1679.61 1679.896 1680.046 1680.187 1680.475 1680.767 1681.219 1681.303 1681.854 1682.295 1682.274 1682.263 1682.251 1682.303 1682.453 1682.632 1682.835 1682.588 1682.705 1682.836 1683.07 1683.284 1683.105 1683.143 1683.229 1683.308 1683.184 1682.943 1682.701 1682.47 1682.415 1682.097 1681.874 1681.638 1681.185 1680.566 1680.053 1679.674 1679.245 1678.583 1677.956 1677.227 1676.544 1676.399 1676.04 1675.274 1674.233 1673.345 1672.951 1672.487 1671.948 1671.343 1670.738 1669.842 1668.893 1667.962 1667.187 1666.485 1665.85 1665.24
-9999 1678.6 1678.882 1679.155 1679.421 1679.506 1679.623 1679.912 1680.156 1680.371 1680.719 1681.125 1681.579 1681.664 1681.643 1681.621 1681.66 1681.831 1682.055 1682.327 1682.031 1682.171 1682.373 1682.427 1682.495 1682.533 1682.606 1682.709 1682.812 1682.727 1682.483 1682.252 1682.073 1682.061 1681.879 1681.682 1681.484 1681.123 1680.414 1679.85 1679.371 1678.953 1678.409 1677.89 1677.049 1676.463 1676.456 1676.104 1675.113 1674.073 1673.338 1672.801 1672.385 1671.798 1671.116 1670.525 1669.973 1669.084 1668.169 1667.293 1666.552 1665.85 1664.737
-9999 1678.171 1678.395 1678.654 1678.919 1678.986 1679.13 1679.344 1679.552 1679.805 1680.103 1680.408 1680.666 1680.861 1680.916 1681.038 1681.188 1681.349 1681.629 1681.717 1681.543 1681.809 1682.071 1681.941 1681.984 1682.004 1682.059 1682.159 1682.268 1682.298 1681.941 1681.716 1681.578 1681.491 1681.53 1681.484 1681.008 1680.889 1680.256 1679.65 1679.326 1678.848 1678.206 1677.724 1677.11 1676.36 1676.247 1675.907 1674.953 1673.988 1673.331 1672.794 1672.232 1671.484 1670.854 1670.302 1669.75 1669.198 1668.375 1667.499 1666.624 1665.708 1664.562
-9999 1677.442 1678.031 1678.027 1678.241 1678.401 1678.509 1678.711 1678.99 1679.253 1679.582 1679.781 1680.066 1680.511 1680.437 1680.542 1680.723 1680.898 1681.022 1681.004 1681.157 1681.466 1681.658 1681.446 1681.535 1681.551 1681.538 1681.608 1681.725 1681.843 1681.512 1681.244 1681.134 1681.134 1681.419 1680.867 1680.783 1680.546 1679.938 1679.48 1679.052 1678.516 1677.975 1677.437 1676.897 1676.284 1676.048 1675.368 1674.689 1673.947 1673.324 1672.552 1671.71 1671.154 1670.601 1670.048 1669.498 1668.965 1668.267 1667.468 1666.421 1665.587 1664.839
-9999 1676.341 1676.574 1677.003 1677.432 1677.632 1677.942 1678.322 1678.559 1678.704 1678.992 1679.233 1679.481 1680.076 1680.17 1680.192 1680.304 1680.39 1680.479 1680.607 1680.788 1680.857 1680.91 1680.985 1681.086 1681.098 1681.085 1681.032 1681.157 1681.3 1681.076 1680.852 1680.786 1680.778 1680.982 1680.433 1680.256 1679.96 1679.586 1679.259 1678.749 1678.425 1677.945 1677.256 1676.705 1676.172 1675.687 1675.194 1674.676 1673.79 1673.204 1672.558 1671.88 1670.893 1670.341 1669.803 1669.27 1668.736 1668.01 1667.103 1665.579 1665.244 1664.892
-9999 1675.882 1676.021 1676.384 1676.728 1677.013 1677.367 1677.712 1677.911 1678.077 1678.328 1678.586 1678.783 1679.273 1679.741 1679.659 1679.734 1679.854 1679.975 1680.088 1680.175 1680.259 1680.342 1680.515 1680.629 1680.616 1680.561 1680.506 1680.456 1680.785 1680.534 1680.481 1680.429 1680.385 1680.399 1679.89 1679.645 1679.423 1679.203 1678.951 1678.544 1678.19 1677.692 1677.049 1676.53 1676.006 1675.555 1675.114 1674.522 1673.33 1672.829 1672.315 1671.653 1670.655 1670.108 1669.575 1669.041 1668.485 1667.846 1666.745 1665.503 1664.755 1663.874
-9999 1675.327 1675.468 1675.692 1676.08 1676.402 1676.764 1677.042 1677.258 1677.453 1677.706 1678.031 1678.259 1678.635 1678.955 1679.162 1679.169 1679.316 1679.406 1679.536 1679.622 1679.71 1679.812 1680.027 1680.03 1680.045 1680.071 1680.038 1680.1 1680.213 1680.001 1680.126 1680.027 1679.987 1679.818 1679.439 1679.272 1679.177 1679.012 1678.698 1678.335 1677.954 1677.386 1676.925 1676.489 1675.848 1675.389 1674.919 1674.318 1673.406 1672.705 1671.931 1671.14 1670.491 1669.921 1669.369 1668.816 1668.262 1667.787 1666.525 1665.402 1664.555 1663.708
