trailelevations.asc
ncols         99
nrows         87
xllcorner     429609
yllcorner     4568204
cellsize      1
NODATA_value  -9999
[rows 28 to 55 of 87, columns 0 to 62 of 99]
-9999 1705.286 1705.421 1705.574 1705.654 1705.77 1705.809 1705.744 1705.696 1705.579 1705.396 1704.989 1704.571 1704.19 1703.812 1703.344 1702.798 1702.028 1701.129 1700.593 1700.232 1699.604 1698.856 1698.17 1697.481 1696.744 1696.045 1695.327 1694.609 1693.891 1693.239 1692.578 1691.66 1690.824 1690.188 1689.543 1688.625 1687.754 1686.899 1686.011 1685.126 1684.454 1683.833 1683.042 1682.522 1681.977 1680.252 1679.912 1678.932 1678.136 1677.554 1676.575 1676.099 1675.311 1674.506 1673.687 1672.774 1672.041 1671.308 1670.579 1670.207 1669.614 1668.637
-9999 1705.048 1704.944 1705.04 1705.203 1705.278 1705.326 1705.283 1705.323 1705.161 1704.906 1704.674 1704.394 1704.058 1703.679 1703.166 1702.635 1701.992 1701.132 1700.403 1700.201 1699.659 1698.911 1698.163 1697.433 1696.682 1695.951 1695.259 1694.566 1693.873 1693.236 1692.562 1691.793 1690.909 1690.062 1689.338 1688.508 1687.673 1686.838 1685.971 1685.119 1684.56 1683.979 1683.035 1682.157 1681.677 1680.29 1680.397 1679.246 1677.997 1677.366 1676.54 1676.209 1675.35 1674.475 1673.812 1672.737 1671.961 1671.333 1670.744 1670.223 1669.484 1668.499
-9999 1704.349 1704.552 1704.604 1704.822 1704.883 1704.872 1704.895 1704.95 1704.751 1704.643 1704.457 1704.142 1703.82 1703.396 1702.955 1702.477 1701.851 1701.071 1700.33 1700.085 1699.47 1698.779 1698.07 1697.333 1696.573 1695.897 1695.189 1694.456 1693.78 1693.137 1692.45 1691.751 1690.994 1690.23 1689.364 1688.474 1687.59 1686.707 1685.95 1685.144 1684.336 1684.085 1683.347 1682.238 1681.28 1680.281 1680.148 1679.861 1677.824 1676.989 1676.375 1675.633 1674.891 1674.299 1673.987 1672.886 1671.918 1671.287 1670.66 1670.051 1669.359 1668.658
-9999 1703.897 1704.079 1704.183 1704.348 1704.499 1704.537 1704.568 1704.589 1704.468 1704.35 1704.061 1703.774 1703.546 1703.184 1702.793 1702.343 1701.632 1700.82 1700.134 1700.034 1699.361 1698.676 1697.941 1697.24 1696.515 1695.936 1695.153 1694.366 1693.688 1693.036 1692.337 1691.639 1690.94 1690.177 1689.276 1688.374 1687.687 1686.603 1685.86 1685.109 1684.317 1683.861 1683.609 1682.497 1681.693 1680.226 1679.429 1679.09 1678.003 1677.21 1676.589 1675.413 1674.654 1674.304 1673.89 1673.16 1672.177 1671.195 1670.626 1670.134 1669.442 1668.732
-9999 1703.216 1703.466 1703.686 1703.89 1704.065 1704.189 1704.255 1704.21 1704.132 1703.972 1703.712 1703.536 1703.355 1702.989 1702.623 1702.214 1701.451 1700.623 1700.03 1699.822 1699.307 1698.547 1697.786 1697.1 1696.45 1695.748 1695.048 1694.277 1693.596 1692.923 1692.225 1691.529 1690.834 1690.009 1689.145 1688.243 1687.859 1686.787 1685.734 1684.997 1684.261 1683.602 1683.142 1682.577 1681.635 1680.148 1679.208 1678.74 1678.131 1677.088 1676.877 1675.951 1674.693 1674.366 1674.004 1673.499 1672.217 1671.205 1670.529 1670.057 1669.395 1668.671
-9999 1702.768 1702.964 1703.201 1703.362 1703.505 1703.687 1703.765 1703.786 1703.756 1703.705 1703.516 1703.294 1703.18 1703.03 1702.665 1702.002 1701.29 1700.538 1699.872 1699.623 1699.21 1698.433 1697.632 1696.962 1696.353 1695.601 1694.94 1694.191 1693.516 1692.815 1692.12 1691.425 1690.674 1689.826 1688.979 1688.339 1688.128 1687.104 1685.876 1684.864 1684.128 1683.404 1682.685 1681.965 1681.336 1680.27 1679.409 1678.547 1678.009 1677.13 1676.697 1676.359 1674.838 1674.2 1673.852 1673.109 1672.042 1671.239 1670.448 1669.877 1669.147 1668.738
-9999 1702.353 1702.51 1702.677 1702.828 1703.05 1703.176 1703.266 1703.334 1703.488 1703.363 1703.22 1703.041 1702.968 1702.925 1702.504 1701.791 1701.078 1700.366 1699.682 1699.401 1698.969 1698.413 1697.714 1696.98 1696.256 1695.674 1694.927 1694.085 1693.434 1692.725 1692.016 1691.321 1690.491 1689.643 1688.862 1688.189 1688.038 1687.478 1686.25 1685.023 1684.003 1683.287 1682.571 1681.855 1681.138 1680.53 1679.65 1678.771 1677.891 1677.951 1678.255 1676.222 1675.259 1674.034 1673.562 1672.658 1672.365 1671.544 1670.633 1669.933 1669.008 1668.397
-9999 1701.874 1702.001 1702.269 1702.527 1702.6 1702.634 1702.76 1702.858 1702.99 1702.936 1702.809 1702.659 1702.462 1702.413 1702.325 1701.672 1700.955 1700.24 1699.53 1699.259 1698.847 1698.259 1697.49 1696.755 1696.028 1695.364 1694.673 1693.976 1693.324 1692.631 1691.912 1691.156 1690.343 1689.57 1688.797 1688.023 1687.868 1686.939 1685.711 1685.071 1683.925 1683.189 1682.473 1681.757 1681.041 1680.555 1679.975 1679.096 1678.051 1677.475 1677.087 1675.828 1675.34 1673.841 1673.185 1672.709 1672.525 1671.794 1670.795 1670.187 1668.923 1668.13
-9999 1701.337 1701.647 1701.765 1701.862 1702.109 1702.188 1702.396 1702.481 1702.541 1702.544 1702.457 1702.342 1702.23 1702.134 1702.051 1701.549 1700.829 1700.1 1699.5 1699.06 1698.626 1698.079 1697.31 1696.541 1695.801 1695.174 1694.609 1693.863 1693.21 1692.559 1691.899 1691.051 1690.278 1689.505 1688.731 1687.958 1687.627 1686.399 1685.953 1684.963 1683.859 1683.116 1682.375 1681.659 1680.943 1680.327 1680.096 1679.421 1678.055 1677.388 1676.398 1675.563 1674.526 1673.831 1673.182 1672.617 1672.437 1671.79 1670.36 1669.639 1668.914 1668.12
-9999 1700.884 1701.057 1701.125 1701.28 1701.484 1701.713 1702.021 1702.033 1701.999 1702.064 1702.074 1701.96 1701.861 1701.904 1701.866 1701.25 1700.574 1699.918 1699.39 1698.938 1698.492 1697.871 1697.181 1696.412 1695.665 1695.089 1694.438 1693.749 1693.084 1692.52 1692.131 1690.823 1690.107 1689.39 1688.666 1687.892 1687.087 1686.835 1686.587 1684.561 1683.777 1683.05 1682.307 1681.564 1680.845 1680.129 1679.868 1679.334 1677.813 1677.226 1676.526 1675.223 1674.53 1673.838 1673.196 1672.519 1672.17 1671.799 1670.342 1669.557 1668.903 1668.109
-9999 1700.246 1700.414 1700.664 1700.814 1701.034 1701.19 1701.591 1701.485 1701.463 1701.627 1701.864 1701.583 1701.42 1701.542 1701.649 1700.943 1700.253 1699.419 1699.24 1698.853 1698.178 1697.615 1697.054 1696.326 1695.612 1694.901 1694.26 1693.631 1693.044 1692.421 1691.78 1690.859 1689.853 1689.137 1688.421 1687.86 1687.717 1687.469 1686.668 1684.329 1683.69 1682.984 1682.241 1681.498 1680.754 1680.032 1679.64 1678.414 1677.818 1677.193 1676.599 1675.406 1674.554 1673.862 1673.341 1672.754 1672.156 1671.468 1670.354 1669.443 1668.887 1668.237
-9999 1699.731 1700.031 1700.214 1700.387 1700.689 1700.762 1700.905 1700.879 1700.977 1701.066 1701.112 1701.129 1700.988 1701.054 1701.205 1700.59 1699.928 1699.312 1699.035 1698.683 1698.148 1697.594 1696.965 1696.187 1695.463 1694.752 1694.142 1693.509 1692.893 1692.32 1691.519 1690.578 1689.665 1689.094 1688.584 1688.096 1688.217 1688.103 1686.266 1684.243 1683.604 1682.918 1682.175 1681.432 1680.688 1679.945 1679.173 1678.393 1677.844 1677.138 1676.388 1675.625 1674.579 1674 1673.485 1672.877 1672.19 1671.153 1670.242 1669.667 1668.947 1668.384
-9999 1699.247 1699.68 1699.741 1699.815 1700.046 1700.226 1700.324 1700.43 1700.513 1700.662 1700.85 1700.771 1700.68 1700.604 1700.56 1700.357 1699.606 1698.97 1698.801 1698.415 1697.948 1697.535 1697.059 1696.108 1695.162 1694.527 1694.011 1693.368 1692.738 1692.079 1691.377 1690.436 1689.709 1689.309 1688.799 1688.502 1688.623 1688.484 1685.865 1684.156 1683.518 1682.852 1682.109 1681.366 1680.622 1679.876 1679.396 1679.117 1678.091 1676.849 1675.942 1675.164 1674.645 1674.151 1673.583 1672.775 1671.967 1671.514 1670.963 1669.948 1669.032 1668.588
-9999 1698.708 1698.926 1699.237 1699.359 1699.613 1699.744 1699.875 1700.01 1700.104 1700.486 1700.411 1700.282 1700.221 1700.198 1700.124 1699.808 1699.165 1698.732 1698.525 1698.193 1697.79 1697.41 1696.796 1696.022 1695.248 1694.423 1693.92 1693.246 1692.544 1691.837 1691.178 1690.303 1689.418 1689.102 1689.014 1688.908 1688.604 1688.108 1686.121 1684.07 1683.432 1682.787 1682.042 1681.296 1680.55 1679.768 1679.273 1678.58 1678.2 1677.523 1676.42 1675.321 1674.723 1674.073 1673.296 1672.248 1671.487 1671.151 1670.814 1670.133 1669.039 1668.057
-9999 1698.179 1698.345 1698.601 1698.883 1699.125 1699.25 1699.351 1699.51 1699.841 1699.977 1699.937 1699.797 1699.743 1699.775 1699.588 1699.244 1698.95 1698.767 1698.415 1697.974 1697.577 1697.157 1696.466 1695.692 1694.918 1694.301 1693.86 1693.291 1692.752 1691.908 1691.063 1690.209 1689.33 1688.717 1688.728 1688.211 1687.701 1687.205 1686.523 1684.379 1683.453 1682.774 1681.859 1681.224 1680.478 1679.638 1678.922 1678.506 1678.084 1676.872 1675.856 1675.523 1674.662 1673.876 1673.047 1672.241 1671.388 1670.792 1670.67 1670.63 1669.471 1668.393
-9999 1697.516 1697.757 1698.1 1698.385 1698.525 1698.65 1698.844 1699.055 1699.268 1699.303 1699.286 1699.291 1699.316 1699.352 1699.109 1698.791 1698.562 1698.483 1698.135 1697.716 1697.347 1696.887 1696.136 1695.362 1694.733 1694.172 1693.709 1693.193 1692.587 1692.027 1691.137 1690.177 1689.322 1688.535 1687.983 1687.542 1687.101 1686.689 1685.875 1685.185 1683.501 1682.788 1681.699 1680.941 1680.338 1679.58 1678.991 1678.663 1678.131 1676.933 1676.228 1675.74 1674.818 1673.793 1673.338 1672.649 1671.743 1670.617 1670.327 1670.377 1669.691 1668.51
-9999 1697.093 1697.168 1697.442 1697.704 1697.922 1698.122 1698.308 1698.494 1698.708 1698.833 1698.853 1698.877 1698.902 1698.934 1698.674 1698.425 1698.498 1698.2 1697.788 1697.459 1697.094 1696.58 1695.805 1695.165 1694.604 1694.043 1693.502 1692.911 1692.305 1691.889 1691.133 1690.201 1689.241 1688.42 1687.899 1687.458 1687.078 1686.673 1685.731 1684.789 1683.848 1682.802 1681.613 1681.014 1680.417 1679.828 1679.239 1678.753 1678.192 1677.27 1676.588 1675.484 1674.575 1673.597 1673.028 1672.554 1671.445 1670.589 1670.062 1669.701 1669.09 1668.311
-9999 1696.85 1697.097 1697.2 1697.252 1697.517 1697.629 1697.756 1697.941 1698.143 1698.272 1698.357 1698.412 1698.402 1698.407 1698.264 1698.412 1698.279 1697.925 1697.487 1697.21 1696.824 1696.249 1695.598 1695.037 1694.476 1693.918 1693.356 1692.619 1692.035 1691.39 1690.634 1689.877 1689.121 1688.305 1687.852 1687.473 1687.187 1686.529 1685.587 1684.644 1683.702 1682.952 1681.462 1681.112 1680.612 1679.986 1679.36 1678.632 1678.312 1677.287 1676.135 1675.325 1674.408 1673.372 1672.671 1672.18 1671.494 1670.606 1670.043 1669.232 1668.533 1667.835
-9999 1696.187 1696.443 1696.785 1696.905 1697.186 1697.333 1697.452 1697.533 1697.683 1697.837 1697.901 1697.932 1697.995 1698.14 1698.255 1698.042 1697.87 1697.621 1697.171 1696.832 1696.493 1696.039 1695.499 1694.958 1694.417 1693.845 1693.133 1692.482 1691.906 1691.327 1690.688 1689.915 1689.146 1688.379 1687.867 1687.57 1687.304 1686.385 1685.443 1684.541 1683.798 1683.055 1681.659 1681.229 1680.717 1680.084 1679.393 1678.646 1677.99 1677.042 1675.948 1675.287 1674.671 1673.345 1672.609 1671.917 1671.229 1670.585 1669.96 1669.156 1668.318 1667.674
-9999 1695.636 1695.9 1696.181 1696.353 1696.68 1696.936 1697.145 1697.284 1697.261 1697.489 1697.695 1697.785 1697.883 1697.752 1697.615 1697.526 1697.42 1697.259 1696.846 1696.511 1696.318 1695.867 1695.394 1694.911 1694.334 1693.673 1693.006 1692.362 1691.784 1691.205 1690.621 1690.022 1689.272 1688.498 1687.952 1687.686 1687.183 1686.241 1685.387 1684.644 1683.901 1683.158 1682.322 1681.273 1680.851 1680.162 1679.425 1678.728 1677.969 1676.97 1675.888 1674.931 1674.094 1673.32 1672.55 1671.948 1671.4 1670.602 1669.835 1669.017 1668.301 1667.653
-9999 1695.112 1695.409 1695.645 1695.808 1696.054 1696.338 1696.571 1696.746 1696.831 1697.007 1697.222 1697.258 1697.318 1697.277 1697.059 1696.941 1696.862 1696.706 1696.536 1696.355 1696.112 1695.655 1695.228 1694.613 1693.977 1693.333 1692.837 1692.242 1691.662 1691.083 1690.503 1689.913 1689.314 1688.628 1688.099 1687.802 1687.039 1686.233 1685.49 1684.714 1683.886 1683.058 1681.951 1681.232 1680.617 1679.932 1679.392 1678.703 1677.856 1676.985 1675.744 1674.841 1674.046 1673.25 1672.532 1671.883 1671.367 1670.563 1669.703 1668.99 1668.627 1667.77
-9999 1694.62 1694.928 1695.072 1695.294 1695.497 1695.742 1695.992 1696.176 1696.329 1696.491 1696.673 1696.712 1696.723 1696.691 1696.631 1696.493 1696.387 1696.309 1696.156 1696.278 1695.777 1695.305 1694.838 1694.317 1693.662 1693.268 1692.694 1692.144 1691.55 1690.961 1690.381 1689.802 1689.205 1688.58 1688.25 1687.837 1687.037 1686.209 1685.382 1684.554 1683.726 1682.898 1682.037 1681.055 1680.264 1679.471 1678.823 1678.194 1677.52 1676.673 1675.6 1674.747 1673.957 1673.232 1672.536 1671.848 1671.204 1670.363 1669.649 1669.23 1668.911 1667.947
-9999 1694.051 1694.346 1694.505 1694.708 1694.934 1695.159 1695.426 1695.619 1695.753 1695.89 1696.114 1696.225 1696.366 1696.274 1696.069 1696.009 1695.958 1695.882 1695.77 1695.598 1695.388 1694.942 1694.439 1693.948 1693.461 1693.073 1692.427 1691.894 1691.499 1690.943 1690.323 1689.702 1689.087 1688.384 1687.273 1686.991 1686.619 1685.783 1684.946 1684.11 1683.273 1682.444 1681.587 1680.77 1679.95 1679.147 1678.436 1677.691 1676.945 1676.198 1675.456 1674.668 1673.92 1673.388 1672.601 1671.934 1671.254 1670.278 1669.538 1669.481 1668.43 1667.379
-9999 1693.419 1693.682 1693.894 1694.122 1694.362 1694.645 1694.883 1695.059 1695.2 1695.304 1695.501 1695.677 1695.662 1695.656 1695.631 1695.62 1695.619 1695.58 1695.392 1695.177 1694.949 1694.562 1694.115 1693.63 1693.156 1692.71 1692.138 1691.645 1691.25 1690.854 1690.337 1689.716 1688.974 1688.112 1687.111 1686.277 1685.491 1685.124 1684.465 1683.629 1682.802 1681.995 1681.131 1680.505 1679.668 1678.917 1678.281 1677.536 1676.791 1676.046 1675.312 1674.676 1674.048 1673.41 1672.551 1672.175 1671.196 1670.215 1669.832 1669.215 1668.457 1667.496
-9999 1692.792 1693.069 1693.231 1693.523 1693.807 1694.064 1694.238 1694.398 1694.656 1694.827 1694.968 1695.071 1695.189 1695.205 1695.221 1695.209 1695.194 1695.146 1695.021 1694.788 1694.524 1694.233 1693.801 1693.37 1692.882 1692.397 1691.874 1691.368 1690.979 1690.59 1690.201 1689.543 1688.658 1687.697 1686.897 1686.287 1685.511 1684.745 1683.979 1683.174 1682.366 1681.562 1680.866 1680.239 1679.454 1678.777 1678.126 1677.381 1676.646 1675.994 1675.301 1674.628 1673.809 1673.141 1672.486 1671.727 1670.969 1670.232 1669.519 1668.89 1668.209 1667.404
-9999 1692.275 1692.532 1692.717 1692.946 1693.148 1693.478 1693.655 1693.827 1694.121 1694.343 1694.478 1694.53 1694.753 1694.875 1694.831 1694.763 1694.683 1694.64 1694.591 1694.399 1694.184 1693.87 1693.556 1693.151 1692.66 1692.164 1691.661 1691.169 1690.681 1690.178 1689.675 1689.172 1688.572 1687.591 1686.893 1686.221 1685.425 1684.643 1684.045 1683.028 1682.037 1681.478 1680.771 1680.046 1679.368 1678.687 1678.014 1677.362 1676.71 1675.934 1675.352 1674.609 1673.657 1672.902 1672.266 1671.532 1670.802 1670.052 1669.288 1668.651 1668.021 1667.276
-9999 1691.77 1692.043 1692.238 1692.371 1692.615 1692.889 1693.131 1693.301 1693.561 1693.786 1693.92 1693.958 1694.05 1694.318 1694.337 1694.178 1694.141 1694.177 1694.153 1694.089 1693.924 1693.63 1693.285 1692.931 1692.445 1691.976 1691.504 1691.016 1690.511 1690.033 1689.53 1689.027 1688.484 1687.764 1686.931 1686.173 1685.341 1684.766 1683.94 1682.916 1681.952 1681.542 1680.842 1680.073 1679.293 1678.572 1677.974 1677.425 1676.481 1676.084 1675.403 1674.531 1673.683 1672.862 1672.247 1671.519 1670.759 1669.981 1669.233 1668.445 1667.804 1667.121
-9999 1691.031 1691.314 1691.595 1691.826 1692.077 1692.303 1692.532 1692.76 1692.988 1693.189 1693.297 1693.393 1693.449 1693.569 1693.836 1693.732 1693.742 1693.741 1693.762 1693.813 1693.571 1693.164 1692.846 1692.67 1692.368 1691.923 1691.368 1690.83 1690.292 1689.888 1689.385 1688.891 1688.396 1687.676 1686.942 1686.041 1685.21 1684.528 1683.746 1682.796 1681.871 1681.316 1680.842 1680.202 1679.432 1678.571 1677.789 1677.128 1676.5 1676.235 1675.329 1674.398 1673.611 1672.821 1672.225 1671.594 1670.886 1669.979 1669.112 1668.244 1667.604 1666.921
