trailelevations.asc
ncols         99
nrows         87
xllcorner     429609
yllcorner     4568204
cellsize      1
NODATA_value  -9999
[rows 0 to 27 of 87, columns 0 to 62 of 99]
-9999 -9999 -9999 -9999 -9999 -9999 -9999 -9999 -9999 -9999 -9999 -9999 -9999 -9999 1708.698 1707.828 1706.958 1706.125 1705.292 1704.629 1703.94 1703.223 1702.506 1701.789 1701.085 1700.474 1699.727 1698.924 1698.28 1697.663 1697.047 1696.431 1695.721 1695.012 1694.303 1693.594 1692.885 1692.176 1691.376 1690.57 1689.749 1688.931 1688.112 1687.303 1686.595 1686.103 1685.454 1684.806 1684.157 1683.508 1682.752 1681.726 1680.952 1681.049 1680.261 1678.742 1677.983 1677.276 1676.643 1676.026 1675.408 1674.79 1674.173
-9999 -9999 -9999 -9999 1715.409 1714.629 1713.837 1713.162 1712.702 1712.245 1711.602 1710.735 1710.029 1709.3 1708.495 1707.69 1706.884 1705.986 1704.975 1704.152 1703.372 1702.575 1701.934 1701.447 1700.91 1700.212 1699.288 1698.479 1697.741 1697.074 1696.31 1695.519 1694.776 1694.136 1693.401 1693.002 1692.119 1691.225 1690.466 1689.674 1689.112 1688.343 1687.599 1687.156 1686.714 1686.01 1685.302 1684.906 1684.206 1683.198 1682.18 1681.206 1680.685 1680.132 1679.547 1678.752 1677.845 1676.946 1676.503 1675.766 1674.967 1674.319 1673.644
-9999 -9999 -9999 -9999 1715.334 1714.558 1713.762 1712.953 1712.392 1711.886 1711.33 1710.624 1709.918 1709.226 1708.421 1707.616 1706.74 1705.775 1704.862 1703.849 1702.927 1702.35 1701.795 1701.3 1700.768 1700.002 1699.117 1698.445 1697.774 1697.055 1696.152 1695.312 1694.569 1693.97 1693.405 1692.41 1691.96 1691.094 1690.055 1689.391 1688.798 1688.069 1687.372 1686.991 1686.526 1685.866 1685.207 1684.524 1683.779 1682.763 1681.746 1681.157 1681.038 1680.023 1679.302 1678.785 1677.832 1677.036 1676.589 1675.583 1674.731 1674.088 1673.417
-9999 -9999 -9999 1715.334 1715.259 1714.481 1713.685 1712.897 1712.209 1711.656 1711.155 1710.514 1709.808 1709.121 1708.348 1707.542 1706.561 1705.565 1704.807 1703.724 1702.755 1702.279 1701.824 1701.303 1700.557 1699.814 1699.051 1698.223 1697.444 1696.666 1695.869 1695.051 1694.358 1693.803 1693.348 1692.018 1691.45 1690.638 1689.812 1689.266 1688.678 1687.955 1687.198 1686.709 1686.307 1685.715 1684.85 1684.03 1683.28 1682.454 1681.462 1681.285 1681.005 1680.139 1678.564 1678.234 1677.781 1677.028 1676.317 1675.23 1674.462 1673.782 1673.102
-9999 -9999 -9999 1715.858 1715.094 1714.322 1713.588 1712.832 1712.016 1711.437 1710.95 1710.371 1709.697 1709.013 1708.274 1707.421 1706.381 1705.354 1704.701 1703.669 1702.659 1702.244 1701.839 1701.112 1700.393 1699.674 1698.922 1698.086 1697.251 1696.415 1695.579 1694.958 1694.333 1693.472 1692.716 1691.737 1691.219 1690.648 1689.616 1688.973 1688.519 1687.843 1686.96 1686.266 1686.03 1685.482 1684.483 1683.77 1682.919 1682.069 1681.384 1680.901 1680.744 1680.484 1679.002 1677.938 1677.216 1676.476 1675.642 1674.877 1674.147 1673.467 1672.835
-9999 -9999 1715.146 1715.559 1714.701 1713.895 1713.162 1712.522 1711.825 1711.27 1710.744 1710.165 1709.586 1708.905 1708.2 1707.242 1706.201 1705.161 1704.491 1703.648 1702.655 1702.154 1701.63 1700.963 1700.253 1699.534 1698.792 1697.956 1697.121 1696.401 1695.855 1695.144 1694.262 1693.406 1692.429 1691.687 1690.934 1690.166 1689.289 1688.7 1688.228 1687.594 1686.699 1685.823 1685.498 1684.819 1684.218 1683.51 1682.659 1681.79 1680.938 1680.623 1680.473 1679.989 1678.336 1677.214 1676.534 1675.875 1675.238 1674.616 1673.881 1673.613 1673.008
-9999 -9999 1715.229 1714.968 1714.286 1713.468 1712.809 1712.232 1711.672 1711.121 1710.539 1709.84 1709.336 1708.81 1708.097 1707.059 1706.02 1704.981 1704.476 1703.72 1702.298 1702.102 1701.502 1700.677 1700.044 1699.394 1698.662 1697.827 1697.22 1696.457 1695.694 1694.892 1693.943 1692.995 1692.148 1691.345 1690.586 1689.82 1689.142 1688.511 1687.961 1687.307 1686.358 1685.556 1684.828 1684.188 1683.747 1683.246 1682.375 1681.503 1680.631 1680.247 1679.707 1679.123 1677.704 1676.859 1676.259 1675.594 1674.92 1674.292 1673.838 1673.57 1673.266
-9999 -9999 1714.568 1714.323 1713.819 1713.154 1712.647 1712.11 1711.524 1711.043 1710.44 1709.573 1708.98 1708.536 1707.893 1706.864 1705.845 1704.827 1704.185 1703.243 1702.314 1701.96 1701.393 1700.393 1699.758 1699.126 1698.554 1697.736 1696.973 1696.21 1695.447 1694.639 1693.691 1692.796 1691.929 1691.115 1690.34 1689.646 1688.986 1688.324 1687.73 1687.196 1686.459 1685.486 1684.622 1684.015 1683.314 1682.64 1681.827 1681.014 1680.358 1679.585 1678.912 1678.176 1677.43 1676.695 1676.469 1675.563 1674.647 1674.019 1673.348 1673.092 1672.853
-9999 1714.362 1714.108 1713.768 1713.4 1712.896 1712.393 1711.889 1711.36 1710.887 1710.355 1709.524 1708.69 1708.114 1707.636 1706.675 1705.695 1704.724 1704.081 1703.286 1702.496 1701.834 1701.124 1700.26 1699.565 1698.989 1698.445 1697.878 1696.859 1695.963 1695.2 1694.387 1693.472 1692.598 1691.724 1690.909 1690.193 1689.466 1688.739 1688.075 1687.504 1687.037 1686.44 1685.698 1684.58 1683.845 1683.057 1682.333 1681.793 1681.151 1680.221 1679.369 1678.665 1677.94 1677.211 1676.353 1676.678 1675.744 1674.812 1673.88 1673.186 1672.43 1672.167
-9999 1713.915 1713.801 1713.619 1713.162 1712.63 1712.145 1711.641 1711.132 1710.609 1710.114 1709.428 1708.522 1707.973 1707.337 1706.161 1705.244 1704.621 1703.861 1702.955 1702.324 1701.685 1701.119 1700.27 1699.507 1698.904 1698.336 1697.769 1697.164 1696.112 1695.06 1694.148 1693.28 1692.43 1691.579 1690.827 1690.145 1689.351 1688.544 1687.825 1687.298 1686.839 1686.332 1685.329 1684.525 1683.783 1683.026 1682.236 1681.72 1681.075 1679.996 1679.153 1678.449 1677.744 1676.974 1676.471 1676.549 1675.686 1674.793 1673.9 1673.007 1672.174 1671.571
-9999 1713.58 1713.522 1713.426 1712.932 1712.317 1711.852 1711.393 1710.88 1710.378 1709.836 1709.246 1708.328 1707.701 1707.037 1705.938 1705.131 1704.512 1703.602 1702.606 1702.15 1701.824 1701.146 1700.344 1699.507 1698.772 1698.217 1697.66 1697.093 1696.417 1695.826 1693.952 1693.167 1692.372 1691.549 1690.789 1690.041 1689.235 1688.426 1687.635 1687.088 1686.661 1686.226 1685.345 1684.41 1683.711 1682.994 1682.196 1681.633 1681.358 1679.851 1678.937 1678.232 1677.526 1676.965 1676.613 1675.983 1675.176 1674.283 1673.39 1672.597 1671.858 1671.224
-9999 1713.262 1713.2 1713.058 1712.689 1712.097 1711.54 1711.141 1710.609 1710.092 1709.604 1708.865 1708.091 1707.4 1706.736 1705.801 1705.016 1704.311 1703.433 1702.596 1702.153 1701.649 1700.859 1700.069 1699.345 1698.676 1698.172 1697.597 1696.925 1695.772 1694.438 1693.753 1692.912 1692.155 1691.388 1690.635 1689.92 1689.111 1688.311 1687.545 1686.779 1686.336 1686.032 1685.192 1684.335 1683.65 1682.85 1681.728 1681.223 1681.097 1679.636 1678.819 1678.074 1677.329 1676.865 1676.11 1675.417 1674.667 1673.774 1672.97 1672.264 1671.578 1671.125
-9999 1712.888 1712.814 1712.724 1712.688 1712.169 1711.485 1710.892 1710.353 1709.821 1709.383 1708.572 1707.894 1707.211 1706.493 1705.709 1704.886 1704.029 1703.186 1702.343 1701.986 1701.419 1700.714 1700.02 1699.325 1698.623 1697.936 1697.263 1696.695 1695.386 1694.535 1693.85 1692.796 1691.976 1691.215 1690.391 1689.724 1688.988 1688.218 1687.434 1686.651 1686.089 1685.723 1685.08 1684.239 1683.338 1682.294 1681.389 1680.838 1680.155 1679.432 1678.771 1678.398 1677.893 1676.672 1675.689 1674.906 1674.157 1673.367 1672.681 1671.994 1671.327 1670.913
-9999 1712.305 1712.298 1712.515 1712.088 1711.626 1711.164 1710.665 1710.086 1709.553 1709.128 1708.754 1708.008 1707.059 1706.3 1705.535 1704.756 1703.907 1703.055 1702.204 1701.911 1701.214 1700.443 1699.735 1699.038 1698.327 1697.624 1696.907 1696.393 1695.503 1694.697 1693.877 1692.689 1691.826 1691.041 1690.227 1689.484 1688.787 1688.077 1687.293 1686.517 1685.916 1685.477 1684.791 1684.037 1683.126 1682.17 1681.176 1680.751 1680.061 1679.503 1678.306 1677.336 1676.991 1676.07 1675.52 1674.761 1673.859 1673.177 1672.511 1671.845 1671.178 1670.543
-9999 1711.848 1711.793 1712.002 1711.444 1710.982 1710.614 1710.307 1709.875 1709.356 1708.971 1708.481 1707.787 1706.891 1706.242 1705.422 1704.577 1703.753 1702.926 1702.084 1701.806 1701.38 1700.501 1699.621 1698.804 1698.146 1697.627 1697.052 1696.041 1695.523 1694.631 1693.641 1692.582 1691.702 1690.904 1690.142 1689.399 1688.655 1687.912 1687.155 1686.383 1685.744 1685.167 1684.48 1683.794 1682.941 1681.979 1681.09 1680.469 1680.121 1679.692 1678.808 1678.455 1677.171 1676.508 1675.568 1674.566 1673.724 1673.082 1672.388 1671.697 1671.015 1670.302
-9999 1711.407 1711.327 1711.235 1711.004 1710.707 1710.398 1710.077 1709.642 1709.131 1708.712 1708.38 1707.649 1706.749 1706.085 1705.203 1704.379 1703.555 1702.772 1702.019 1701.648 1701.401 1700.868 1699.928 1699.12 1698.197 1697.312 1696.584 1695.846 1695.109 1694.177 1693.192 1692.36 1691.582 1690.799 1690.056 1689.309 1688.55 1687.79 1687.025 1686.25 1685.544 1684.857 1684.181 1683.522 1682.881 1682.043 1681.071 1680.097 1679.915 1679.754 1679.496 1678.76 1677.587 1676.635 1675.533 1674.432 1673.604 1672.991 1672.297 1671.567 1670.862 1670.148
-9999 1710.96 1710.834 1710.848 1710.801 1710.49 1710.169 1709.848 1709.41 1708.913 1708.367 1707.838 1707.276 1706.681 1705.86 1705.02 1704.235 1703.447 1702.659 1701.872 1701.555 1701.082 1700.507 1699.926 1699.1 1698.069 1697.284 1696.362 1695.439 1694.617 1693.75 1692.987 1692.223 1691.459 1690.699 1689.94 1689.18 1688.421 1687.661 1686.894 1686.119 1685.346 1684.651 1684.023 1683.411 1682.852 1682.142 1681.05 1679.927 1679.387 1679.083 1678.792 1678.254 1677.475 1676.3 1675.378 1674.321 1673.823 1673.061 1672.115 1671.422 1670.713 1669.974
-9999 1710.514 1710.396 1710.312 1710.256 1710.147 1709.923 1709.618 1709.19 1708.698 1708.126 1707.555 1706.998 1706.237 1705.586 1704.984 1704.112 1703.318 1702.523 1701.757 1701.467 1701.009 1700.393 1699.708 1698.817 1698.084 1697.262 1696.339 1695.416 1694.496 1693.657 1692.895 1692.136 1691.376 1690.795 1689.941 1689.087 1688.292 1687.532 1686.764 1686.013 1685.237 1684.392 1683.761 1683.293 1682.852 1682.056 1680.948 1679.825 1679.026 1678.729 1678.311 1677.332 1676.545 1675.511 1674.835 1674.209 1673.826 1673.191 1672.094 1671.178 1670.629 1670.206
-9999 1710.039 1709.982 1709.933 1709.986 1710.035 1709.628 1709.437 1709.105 1708.545 1707.937 1707.336 1706.707 1706.064 1705.443 1704.931 1704.139 1703.218 1702.429 1701.819 1701.396 1700.843 1700.147 1699.461 1698.8 1698.159 1697.239 1696.317 1695.397 1694.478 1693.607 1692.822 1692.055 1691.295 1690.745 1690.136 1689.282 1688.427 1687.573 1686.654 1685.908 1685.129 1684.284 1683.499 1683.153 1682.852 1681.916 1680.812 1679.707 1678.666 1678.215 1677.585 1676.581 1675.789 1675.246 1674.855 1674.499 1673.988 1673.119 1672.055 1670.941 1670.635 1670.429
-9999 1709.503 1709.551 1709.553 1709.632 1709.659 1709.319 1709.457 1709.164 1708.546 1707.929 1707.312 1706.605 1705.898 1705.318 1704.806 1704.215 1703.271 1702.299 1701.636 1701.408 1700.734 1699.995 1699.364 1698.843 1698.139 1697.219 1696.299 1695.38 1694.46 1693.557 1692.772 1691.988 1691.214 1690.622 1690.173 1689.476 1688.622 1687.631 1686.589 1685.775 1684.998 1684.216 1683.498 1683.03 1682.83 1681.786 1680.686 1679.586 1678.768 1678.201 1677.133 1676.356 1675.592 1674.933 1674.809 1674.126 1673.379 1672.853 1671.88 1670.77 1670.097 1670.134
-9999 1709.002 1709.078 1709.13 1709.242 1709.209 1708.96 1709.083 1708.871 1708.344 1707.694 1707.043 1706.399 1705.732 1705.193 1704.675 1704.003 1703.248 1702.333 1701.46 1701.267 1700.721 1699.933 1699.174 1698.627 1697.968 1697.168 1696.281 1695.362 1694.442 1693.522 1692.722 1691.937 1691.153 1690.501 1690.05 1689.601 1688.72 1687.658 1686.596 1685.613 1684.858 1684.183 1683.559 1682.848 1682.534 1681.737 1680.351 1679.742 1680.097 1678.856 1677.014 1676.234 1675.472 1675.148 1674.507 1673.649 1672.732 1672.289 1671.556 1670.861 1670.004 1669.975
-9999 1708.559 1708.617 1708.71 1708.732 1708.649 1708.601 1708.513 1708.235 1707.721 1707.206 1706.692 1706.103 1705.583 1704.968 1704.295 1703.623 1702.95 1702.157 1701.429 1701.167 1700.67 1699.858 1699.021 1698.321 1697.661 1696.861 1696.06 1695.26 1694.424 1693.504 1692.672 1691.876 1691.048 1690.396 1689.944 1689.445 1689.141 1688.188 1686.849 1685.518 1685.093 1684.218 1683.443 1682.736 1682.191 1681.795 1680.307 1679.804 1679.592 1679.709 1677.561 1676.263 1675.672 1675.243 1674.218 1673.384 1672.553 1672.081 1671.77 1671.121 1669.861 1669.754
-9999 1708.191 1708.252 1708.335 1708.379 1708.331 1708.184 1708.02 1707.771 1707.297 1706.819 1706.445 1705.852 1705.363 1704.746 1704.025 1703.304 1702.583 1701.891 1701.379 1701.209 1700.54 1699.73 1698.92 1698.109 1697.354 1696.554 1695.753 1694.96 1694.188 1693.41 1692.591 1691.761 1690.932 1690.263 1689.761 1689.259 1688.931 1688.753 1688.092 1686.847 1685.857 1684.242 1683.323 1682.623 1682.079 1681.524 1680.679 1679.658 1678.748 1679.329 1678.365 1676.117 1675.798 1675.408 1673.956 1673.244 1672.465 1672.11 1671.806 1671.119 1669.718 1669.086
-9999 1707.684 1707.867 1707.958 1708 1708.031 1707.828 1707.665 1707.447 1707.05 1706.732 1706.297 1705.682 1705.157 1704.587 1703.866 1703.145 1702.453 1701.75 1701.143 1701.022 1700.37 1699.583 1698.797 1698.011 1697.298 1696.521 1695.733 1694.946 1694.158 1693.371 1692.526 1691.669 1690.876 1690.146 1689.575 1689.074 1688.721 1688.543 1688.316 1687.192 1686.116 1684.404 1683.347 1682.429 1681.756 1681.178 1680.308 1679.403 1678.59 1678.763 1677.301 1676.291 1676.85 1675.507 1674.352 1673.118 1672.391 1672.06 1671.197 1670.341 1669.592 1668.942
-9999 1707.165 1707.45 1707.559 1707.429 1707.452 1707.487 1707.396 1707.144 1706.853 1706.622 1706.335 1705.441 1704.96 1704.428 1703.707 1703.096 1702.386 1701.646 1701.105 1700.923 1700.212 1699.481 1698.728 1697.941 1697.223 1696.479 1695.694 1694.906 1694.119 1693.331 1692.486 1691.603 1690.864 1690.136 1689.408 1688.888 1688.511 1688.334 1687.468 1686.261 1685.22 1684.196 1683.114 1682.325 1681.535 1680.858 1679.992 1679.091 1678.442 1677.946 1676.967 1677.304 1677.666 1675.541 1674.386 1673.023 1672.314 1671.646 1671.138 1670.55 1669.646 1668.833
-9999 1706.645 1706.967 1707.098 1707.033 1706.996 1707.079 1706.859 1706.676 1706.428 1706.191 1705.865 1705.292 1704.81 1704.322 1703.739 1703.023 1702.282 1701.542 1701.14 1700.73 1700.03 1699.315 1698.6 1697.851 1697.116 1696.372 1695.628 1694.867 1694.079 1693.292 1692.447 1691.524 1690.842 1690.126 1689.398 1688.702 1688.301 1687.738 1686.731 1685.724 1684.994 1684.033 1683.026 1682.243 1681.46 1680.674 1679.81 1678.978 1678.441 1678.095 1676.878 1677.36 1677.328 1675.575 1673.792 1672.928 1672.237 1671.708 1671.123 1670.942 1670.169 1668.638
-9999 1706.221 1706.676 1706.543 1706.603 1706.551 1706.482 1706.401 1706.235 1706.096 1705.794 1705.451 1705.098 1704.836 1704.33 1703.753 1703.1 1702.382 1701.565 1700.818 1700.533 1699.977 1699.229 1698.479 1697.72 1696.981 1696.246 1695.512 1694.776 1694.032 1693.252 1692.406 1691.48 1690.76 1690.049 1689.351 1688.652 1688.008 1687.076 1686.227 1685.498 1684.768 1683.846 1683.308 1682.643 1681.813 1680.773 1679.848 1678.962 1678.174 1677.679 1676.626 1677.056 1676.737 1675.174 1673.541 1672.859 1672.193 1671.681 1671.168 1670.841 1670.574 1669.061
-9999 1705.676 1705.899 1706.059 1706.181 1706.138 1706.224 1706.134 1705.989 1705.894 1705.69 1705.236 1704.852 1704.589 1704.147 1703.538 1702.937 1702.267 1701.481 1700.754 1700.397 1699.832 1699.107 1698.348 1697.59 1696.846 1696.111 1695.377 1694.642 1693.907 1693.179 1692.398 1691.492 1690.81 1690.154 1689.442 1688.731 1687.821 1686.942 1686.053 1685.29 1684.542 1683.827 1683.407 1682.891 1682.017 1680.824 1679.794 1678.884 1678.045 1677.179 1676.462 1676.355 1675.003 1674.268 1673.502 1672.815 1672.104 1671.525 1670.975 1670.371 1670.413 1668.907
